# AllTracks
#x y z Px Py Pz t PDGid EventID TrackID ParentID Weight Bx By Bz Ex Ey Ez
# Event -2 Track 1
20 0 -5000 0 0 200 0 -13 -2 1 0 1 -2.41535e-05 3.46959e-07 0.00405044 0 0 0 
20 -9.29699e-10 -5000 -5.20078e-11 -3.62051e-09 200 1.88625e-06 -13 -2 1 0 1 -2.41535e-05 3.46959e-07 0.00405044 0 0 0 
20 -0.000185943 -4900 -1.09538e-05 -0.000753835 200 0.377253 -13 -2 1 0 1 -2.61703e-05 3.68471e-07 0.00430194 0 0 0 
20 -0.000764428 -4800 -2.31235e-05 -0.00157125 200 0.754504 -13 -2 1 0 1 -2.84008e-05 3.92324e-07 0.00457457 0 0 0 
20 -0.00176893 -4700 -3.67014e-05 -0.00245909 200 1.13175 -13 -2 1 0 1 -3.08739e-05 4.18932e-07 0.00487072 0 0 0 
20 -0.00323654 -4600 -5.19157e-05 -0.00342509 200 1.50901 -13 -2 1 0 1 -3.36219e-05 4.48768e-07 0.00519297 0 0 0 
19.9999 -0.0052085 -4500 -6.90399e-05 -0.00447803 200 1.88626 -13 -2 1 0 1 -3.66805e-05 4.82367e-07 0.00554411 0 0 0 
19.9999 -0.00773071 -4400 -8.84012e-05 -0.00562787 200 2.26351 -13 -2 1 0 1 -4.00964e-05 5.20509e-07 0.00592776 0 0 0 
19.9998 -0.0108544 -4300 -0.000110393 -0.00688601 200 2.64076 -13 -2 1 0 1 -4.39167e-05 5.63971e-07 0.00634741 0 0 0 
19.9998 -0.0146369 -4200 -0.000135494 -0.00826548 200 3.01801 -13 -2 1 0 1 -4.82023e-05 6.13859e-07 0.00680758 0 0 0 
19.9997 -0.0191426 -4100 -0.00016428 -0.00978121 200 3.39526 -13 -2 1 0 1 -5.30229e-05 6.71496e-07 0.00731326 0 0 0 
19.9996 -0.0244437 -4000 -0.000197459 -0.0114504 200 3.77251 -13 -2 1 0 1 -5.84571e-05 7.38462e-07 0.00786993 0 0 0 
19.9995 -0.0306219 -3900 -0.000235894 -0.0132929 200 4.14976 -13 -2 1 0 1 -6.46082e-05 8.16976e-07 0.00848478 0 0 0 
19.9994 -0.0377694 -3800 -0.000280647 -0.0153318 200 4.52701 -13 -2 1 0 1 -7.15839e-05 9.09495e-07 0.00916491 0 0 0 
19.9992 -0.0459909 -3700 -0.000333038 -0.0175939 200 4.90426 -13 -2 1 0 1 -7.95248e-05 1.01943e-06 0.00991957 0 0 0 
19.999 -0.0554056 -3600 -0.000394699 -0.0201103 200 5.28151 -13 -2 1 0 1 -8.85954e-05 1.15105e-06 0.0107592 0 0 0 
19.9988 -0.0661496 -3500 -0.000467677 -0.0229178 200 5.65876 -13 -2 1 0 1 -9.8986e-05 1.30968e-06 0.0116956 0 0 0 
19.9986 -0.078379 -3400 -0.000554546 -0.0260595 200 6.03602 -13 -2 1 0 1 -0.00011095 1.50273e-06 0.0127442 0 0 0 
19.9983 -0.0922732 -3300 -0.000658556 -0.0295864 200 6.41327 -13 -2 1 0 1 -0.000124761 1.73916e-06 0.013921 0 0 0 
19.9979 -0.10804 -3200 -0.000783853 -0.0335592 200 6.79052 -13 -2 1 0 1 -0.000140782 2.03131e-06 0.0152467 0 0 0 
19.9975 -0.125919 -3100 -0.000935741 -0.0380502 200 7.16777 -13 -2 1 0 1 -0.000159449 2.3954e-06 0.0167457 0 0 0 
19.997 -0.146191 -3000 -0.00112108 -0.0431463 200 7.54502 -13 -2 1 0 1 -0.000181284 2.85262e-06 0.0184459 0 0 0 
19.9963 -0.169183 -2900 -0.00134877 -0.0489524 200 7.92227 -13 -2 1 0 1 -0.000206993 3.4329e-06 0.0203847 0 0 0 
19.9956 -0.195282 -2800 -0.0016305 -0.0555954 200 8.29952 -13 -2 1 0 1 -0.000237374 4.17487e-06 0.0226021 0 0 0 
19.9947 -0.224944 -2700 -0.0019817 -0.0632311 200 8.67677 -13 -2 1 0 1 -0.000273508 5.13332e-06 0.0251516 0 0 0 
19.9936 -0.25871 -2600 -0.00242295 -0.0720501 200 9.05402 -13 -2 1 0 1 -0.000316742 6.3836e-06 0.0280972 0 0 0 
19.9923 -0.29723 -2500 -0.00298201 -0.0822891 200 9.43127 -13 -2 1 0 1 -0.000368754 8.02989e-06 0.0315158 0 0 0 
19.9906 -0.341285 -2400 -0.00369657 -0.0942429 200 9.80852 -13 -2 1 0 1 -0.000431874 1.02245e-05 0.0355117 0 0 0 
19.9885 -0.39182 -2300 -0.00461851 -0.108282 200 10.1858 -13 -2 1 0 1 -0.000508891 1.31785e-05 0.0402035 0 0 0 
19.9859 -0.449992 -2200 -0.00582008 -0.124875 200 10.563 -13 -2 1 0 1 -0.000603695 1.72054e-05 0.0457524 0 0 0 
19.9826 -0.51722 -2100 -0.00740298 -0.144624 200 10.9403 -13 -2 1 0 1 -0.000721384 2.27647e-05 0.0523615 0 0 0 
19.9784 -0.59527 -2000 -0.00951274 -0.168303 200 11.3175 -13 -2 1 0 1 -0.000868639 3.05368e-05 0.0602854 0 0 0 
19.973 -0.686345 -1900 -0.0123602 -0.196923 200 11.6948 -13 -2 1 0 1 -0.00105513 4.15796e-05 0.0698822 0 0 0 
19.9659 -0.793235 -1800 -0.0162558 -0.231812 200 12.072 -13 -2 1 0 1 -0.00129325 5.74894e-05 0.0815874 0 0 0 
19.9565 -0.919495 -1700 -0.0216657 -0.274746 200 12.4493 -13 -2 1 0 1 -0.0016011 8.08174e-05 0.0960166 0 0 0 
19.9439 -1.06971 -1600 -0.0293004 -0.328108 200 12.8265 -13 -2 1 0 1 -0.002004 0.000115651 0.113994 0 0 0 
19.9267 -1.24988 -1500 -0.0402685 -0.395154 200 13.2038 -13 -2 1 0 1 -0.00253736 0.000168644 0.136624 0 0 0 
19.9028 -1.46789 -1400 -0.0563346 -0.480363 199.999 13.581 -13 -2 1 0 1 -0.00325537 0.000251167 0.165542 0 0 0 
19.869 -1.73429 -1300 -0.080374 -0.589964 199.999 13.9583 -13 -2 1 0 1 -0.00423318 0.000382424 0.202916 0 0 0 
19.8203 -2.06336 -1200 -0.117197 -0.732715 199.999 14.3355 -13 -2 1 0 1 -0.00558651 0.000596624 0.252003 0 0 0 
19.7483 -2.47454 -1100 -0.175043 -0.920864 199.998 14.7128 -13 -2 1 0 1 -0.00748686 0.000955501 0.317518 0 0 0 
19.6394 -2.99461 -1000 -0.268434 -1.17152 199.996 15.09 -13 -2 1 0 1 -0.0101837 0.0015724 0.406305 0 0 0 
19.4697 -3.66026 -900.006 -0.42354 -1.50755 199.994 15.4673 -13 -2 1 0 1 -0.0140571 0.00266376 0.529122 0 0 0 
19.1978 -4.521 -800.01 -0.688398 -1.95665 199.989 15.8445 -13 -2 1 0 1 -0.0195903 0.00463352 0.701297 0 0 0 
18.7487 -5.63989 -700.017 -1.15158 -2.54257 199.981 16.2218 -13 -2 1 0 1 -0.0273323 0.00823495 0.946264 0 0 0 
17.9874 -7.08467 -600.031 -1.97095 -3.25102 199.964 16.599 -13 -2 1 0 1 -0.0374554 0.0147443 1.29678 0 0 0 
16.6768 -8.88808 -500.056 -3.39727 -3.93099 199.933 16.9763 -13 -2 1 0 1 -0.0485122 0.0257961 1.7922 0 0 0 
14.443 -10.9295 -400.102 -5.69403 -4.07167 199.877 17.3535 -13 -2 1 0 1 -0.0552132 0.0416182 2.46663 0 0 0 
10.8609 -12.6846 -300.183 -8.67107 -2.54756 199.796 17.7308 -13 -2 1 0 1 -0.0481238 0.0558604 3.30189 0 0 0 
5.92769 -12.9781 -200.308 -10.6413 1.89833 199.708 18.108 -13 -2 1 0 1 -0.0243619 0.052753 4.17573 0 0 0 
0.944213 -10.4325 -100.469 -8.33104 8.30536 199.654 18.4853 -13 -2 1 0 1 -0.00237049 0.0253875 4.85668 0 0 0 
-1.46964 -5.14164 -0.646488 -0.660036 11.9272 199.643 18.8625 -13 -2 1 0 1 2.52843e-05 -0.000804734 5.11763 0 0 0 
-1.45747 -5.10594 -0.0005 -0.600652 11.9303 199.643 18.865 -13 -2 1 0 1 -1.51926e-08 -0.000893294 5.11789 0 0 0 
-1.45745 -5.10589 0.0005 -0.60056 11.9303 199.643 18.865 -13 -2 1 0 1 -5.40414e-08 -0.00089343 5.11789 0 0 0 
0.450607 0.400597 99.822 7.78916 9.05961 199.643 19.2422 -13 -2 1 0 1 0.00112497 0.000195688 4.85827 0 0 0 
5.53339 3.32223 199.644 11.6195 2.473 199.647 19.6195 -13 -2 1 0 1 0.0227038 0.0130446 4.18051 0 0 0 
11.311 3.09705 299.473 10.9904 -2.9201 199.676 19.9967 -13 -2 1 0 1 0.0501286 0.0133798 3.30829 0 0 0 
16.2813 0.884641 399.324 8.84838 -5.50425 199.728 20.374 -13 -2 1 0 1 0.0623401 0.00322247 2.47295 0 0 0 
20.2201 -2.08931 499.202 7.01859 -6.17833 199.781 20.7512 -13 -2 1 0 1 0.0589749 -0.00615328 1.79696 0 0 0 
23.4159 -5.16048 599.103 5.86973 -6.03344 199.823 21.1285 -13 -2 1 0 1 0.0489026 -0.0107858 1.29982 0 0 0 
26.1758 -8.08574 699.022 5.2365 -5.65469 199.851 21.5057 -13 -2 1 0 1 0.0382776 -0.0118111 0.948248 0 0 0 
28.7033 -10.8145 798.953 4.91115 -5.26733 199.87 21.883 -13 -2 1 0 1 0.0293766 -0.0110481 0.702489 0 0 0 
31.1147 -13.3628 898.892 4.75431 -4.93684 199.883 22.2602 -13 -2 1 0 1 0.0225241 -0.00965235 0.52983 0 0 0 
33.4722 -15.7623 998.835 4.68636 -4.67125 199.891 22.6375 -13 -2 1 0 1 0.0173978 -0.0081731 0.406724 0 0 0 
35.8086 -18.0434 1098.78 4.66441 -4.46171 199.896 23.0147 -13 -2 1 0 1 0.0136027 -0.00683681 0.31773 0 0 0 
38.1404 -20.2314 1198.73 4.66573 -4.29667 199.899 23.392 -13 -2 1 0 1 0.010771 -0.00569834 0.252134 0 0 0 
40.4761 -22.3458 1298.68 4.6783 -4.16587 199.902 23.7693 -13 -2 1 0 1 0.00863858 -0.00475618 0.202977 0 0 0 
42.8195 -24.4016 1398.63 4.69578 -4.06129 199.904 24.1465 -13 -2 1 0 1 0.0070146 -0.00398633 0.165567 0 0 0 
45.1722 -26.4104 1498.58 4.71483 -3.97683 199.905 24.5238 -13 -2 1 0 1 0.00576005 -0.00335817 0.136627 0 0 0 
47.5344 -28.381 1598.54 4.73377 -3.90788 199.906 24.901 -13 -2 1 0 1 0.00478191 -0.00284693 0.113976 0 0 0 
49.9058 -30.3203 1698.49 4.75174 -3.85102 199.906 25.2783 -13 -2 1 0 1 0.00400849 -0.00242831 0.095996 0 0 0 
52.2859 -32.2336 1798.44 4.7684 -3.80366 199.907 25.6555 -13 -2 1 0 1 0.00339015 -0.00208387 0.0815607 0 0 0 
54.6739 -34.1252 1898.4 4.78362 -3.76387 199.907 26.0328 -13 -2 1 0 1 0.00289105 -0.00179915 0.0698556 0 0 0 
57.0693 -35.9985 1998.35 4.79741 -3.73015 199.908 26.41 -13 -2 1 0 1 0.00248346 -0.00156187 0.0602589 0 0 0 
59.4711 -37.8562 2098.3 4.80987 -3.70135 199.908 26.7873 -13 -2 1 0 1 0.00214848 -0.00136351 0.0523328 0 0 0 
61.8789 -39.7005 2198.26 4.8211 -3.67659 199.908 27.1645 -13 -2 1 0 1 0.00187044 -0.00119643 0.0457263 0 0 0 
64.292 -41.5333 2298.21 4.83121 -3.65514 199.908 27.5418 -13 -2 1 0 1 0.00163785 -0.00105486 0.0401778 0 0 0 
66.71 -43.3561 2398.17 4.84033 -3.63645 199.908 27.919 -13 -2 1 0 1 0.00144208 -0.00093438 0.0354884 0 0 0 
69.1322 -45.1702 2498.12 4.84855 -3.62008 199.908 28.2963 -13 -2 1 0 1 0.00127585 -0.000831076 0.0314941 0 0 0 
71.5584 -46.9765 2598.08 4.85599 -3.60566 199.909 28.6735 -13 -2 1 0 1 0.00113416 -0.000742262 0.0280759 0 0 0 
73.9881 -48.7761 2698.03 4.86272 -3.59289 199.909 29.0508 -13 -2 1 0 1 0.00101254 -0.000665454 0.0251322 0 0 0 
76.421 -50.5697 2797.98 4.86882 -3.58154 199.909 29.428 -13 -2 1 0 1 0.000907574 -0.000598706 0.0225836 0 0 0 
78.8568 -52.3578 2897.94 4.87437 -3.5714 199.909 29.8053 -13 -2 1 0 1 0.000816618 -0.00054052 0.020368 0 0 0 
81.2953 -54.1412 2997.89 4.87943 -3.56232 199.909 30.1825 -13 -2 1 0 1 0.000737262 -0.000489475 0.0184305 0 0 0 
83.7362 -55.9203 3097.85 4.88404 -3.55414 199.909 30.5598 -13 -2 1 0 1 0.000667859 -0.000444614 0.0167308 0 0 0 
86.1793 -57.6955 3197.8 4.88826 -3.54675 199.909 30.937 -13 -2 1 0 1 0.000606862 -0.000405012 0.0152331 0 0 0 
88.6244 -59.4672 3297.76 4.89213 -3.54006 199.909 31.3143 -13 -2 1 0 1 0.000553022 -0.000369915 0.013908 0 0 0 
91.0713 -61.2357 3397.71 4.89568 -3.53398 199.909 31.6915 -13 -2 1 0 1 0.000505385 -0.000338748 0.0127325 0 0 0 
93.52 -63.0012 3497.66 4.89895 -3.52844 199.909 32.0688 -13 -2 1 0 1 0.000462995 -0.000310921 0.0116847 0 0 0 
95.9702 -64.7642 3597.62 4.90197 -3.52337 199.909 32.446 -13 -2 1 0 1 0.000425218 -0.000286047 0.0107487 0 0 0 
98.4219 -66.5247 3697.57 4.90475 -3.51873 199.909 32.8233 -13 -2 1 0 1 0.000391431 -0.000263737 0.00990988 0 0 0 
100.875 -68.283 3797.53 4.90732 -3.51447 199.909 33.2005 -13 -2 1 0 1 0.000361109 -0.000243663 0.00915569 0 0 0 
103.329 -70.0392 3897.48 4.90971 -3.51055 199.909 33.5778 -13 -2 1 0 1 0.000333853 -0.000225576 0.0084763 0 0 0 
105.785 -71.7936 3997.44 4.91193 -3.50693 199.909 33.955 -13 -2 1 0 1 0.000309242 -0.000209208 0.00786203 0 0 0 
108.241 -73.5462 4097.39 4.91399 -3.50358 199.909 34.3323 -13 -2 1 0 1 0.000286991 -0.00019438 0.00730568 0 0 0 
110.699 -75.2972 4197.35 4.91591 -3.50048 199.909 34.7095 -13 -2 1 0 1 0.000266822 -0.000180914 0.00680052 0 0 0 
113.157 -77.0467 4297.3 4.9177 -3.49761 199.909 35.0868 -13 -2 1 0 1 0.000248488 -0.000168651 0.00634069 0 0 0 
115.616 -78.7948 4397.25 4.91937 -3.49493 199.909 35.464 -13 -2 1 0 1 0.000231806 -0.000157475 0.00592151 0 0 0 
118.076 -80.5417 4497.21 4.92094 -3.49244 199.909 35.8413 -13 -2 1 0 1 0.00021657 -0.000147252 0.00553826 0 0 0 
120.537 -82.2873 4597.16 4.9224 -3.49012 199.909 36.2185 -13 -2 1 0 1 0.000202639 -0.000137892 0.00518736 0 0 0 
122.999 -84.0318 4697.12 4.92377 -3.48795 199.909 36.5958 -13 -2 1 0 1 0.000189877 -0.000129306 0.00486546 0 0 0 
125.461 -85.7753 4797.07 4.92506 -3.48592 199.909 36.973 -13 -2 1 0 1 0.000178158 -0.000121412 0.00456954 0 0 0 
127.924 -87.5178 4897.03 4.92628 -3.48401 199.909 37.3503 -13 -2 1 0 1 0.000167391 -0.00011415 0.00429723 0 0 0 
130.387 -89.2593 4996.98 4.92742 -3.48223 199.909 37.7275 -13 -2 1 0 1 0.000157466 -0.00010745 0.00404601 0 0 0 
130.462 -89.3119 5000 4.92745 -3.48218 199.909 37.7389 -13 -2 1 0 1 0.000157177 -0.000107254 0.0040387 0 0 0 
130.462 -89.3119 5000 4.92745 -3.48218 199.909 37.7389 -13 -2 1 0 1 0.000157177 -0.000107254 0.0040387 0 0 0 
132.926 -91.0526 5099.95 4.92853 -3.4805 199.909 38.1162 -13 -2 1 0 1 0.000148045 -0.000101083 0.00380727 0 0 0 
135.39 -92.7924 5199.91 4.92954 -3.47893 199.909 38.4934 -13 -2 1 0 1 0.000139604 -9.53716e-05 0.00359311 0 0 0 
137.855 -94.5315 5299.86 4.9305 -3.47744 199.909 38.8707 -13 -2 1 0 1 0.000131792 -9.00821e-05 0.00339472 0 0 0 
140.321 -96.2699 5399.82 4.9314 -3.47604 199.909 39.2479 -13 -2 1 0 1 0.000124553 -8.51762e-05 0.00321067 0 0 0 
142.787 -98.0076 5499.77 4.93226 -3.47472 199.909 39.6252 -13 -2 1 0 1 0.000117831 -8.06167e-05 0.00303962 0 0 0 
145.253 -99.7446 5599.73 4.93307 -3.47348 199.909 40.0024 -13 -2 1 0 1 0.000111586 -7.63775e-05 0.00288054 0 0 0 
147.72 -101.481 5699.68 4.93383 -3.47229 199.909 40.3797 -13 -2 1 0 1 0.000105772 -7.24281e-05 0.00273233 0 0 0 
150.187 -103.217 5799.64 4.93456 -3.47118 199.909 40.7569 -13 -2 1 0 1 0.000100355 -6.8746e-05 0.00259411 0 0 0 
152.654 -104.952 5899.59 4.93526 -3.47012 199.909 41.1342 -13 -2 1 0 1 9.53024e-05 -6.53093e-05 0.00246507 0 0 0 
155.122 -106.687 5999.55 4.93591 -3.46911 199.909 41.5114 -13 -2 1 0 1 9.05812e-05 -6.20961e-05 0.00234441 0 0 0 
157.59 -108.421 6099.5 4.93654 -3.46816 199.909 41.8887 -13 -2 1 0 1 8.61677e-05 -5.90904e-05 0.00223151 0 0 0 
160.058 -110.155 6199.45 4.93714 -3.46725 199.909 42.2659 -13 -2 1 0 1 8.20349e-05 -5.62744e-05 0.00212572 0 0 0 
162.527 -111.889 6299.41 4.9377 -3.46638 199.909 42.6432 -13 -2 1 0 1 7.81622e-05 -5.36342e-05 0.00202651 0 0 0 
164.996 -113.622 6399.36 4.93825 -3.46556 199.909 43.0204 -13 -2 1 0 1 7.45302e-05 -5.11568e-05 0.00193339 0 0 0 
167.465 -115.354 6499.32 4.93876 -3.46478 199.909 43.3977 -13 -2 1 0 1 7.11184e-05 -4.88285e-05 0.00184587 0 0 0 
169.935 -117.086 6599.27 4.93925 -3.46403 199.909 43.7749 -13 -2 1 0 1 6.79123e-05 -4.66396e-05 0.00176356 0 0 0 
172.405 -118.818 6699.23 4.93973 -3.46332 199.909 44.1522 -13 -2 1 0 1 6.48951e-05 -4.45787e-05 0.00168605 0 0 0 
174.875 -120.55 6799.18 4.94018 -3.46264 199.909 44.5294 -13 -2 1 0 1 6.2054e-05 -4.26373e-05 0.00161302 0 0 0 
177.345 -122.281 6899.14 4.94061 -3.46199 199.909 44.9067 -13 -2 1 0 1 5.93768e-05 -4.08072e-05 0.00154416 0 0 0 
179.815 -124.012 6999.09 4.94102 -3.46137 199.909 45.2839 -13 -2 1 0 1 5.68506e-05 -3.90796e-05 0.00147914 0 0 0 
182.286 -125.742 7099.04 4.94141 -3.46077 199.909 45.6612 -13 -2 1 0 1 5.44662e-05 -3.74484e-05 0.00141773 0 0 0 
184.757 -127.472 7199 4.94179 -3.4602 199.909 46.0384 -13 -2 1 0 1 5.22126e-05 -3.59062e-05 0.00135967 0 0 0 
187.228 -129.202 7298.95 4.94216 -3.45966 199.909 46.4157 -13 -2 1 0 1 5.00815e-05 -3.44473e-05 0.00130473 0 0 0 
189.699 -130.932 7398.91 4.9425 -3.45913 199.909 46.7929 -13 -2 1 0 1 4.80653e-05 -3.30666e-05 0.00125271 0 0 0 
192.17 -132.662 7498.86 4.94284 -3.45863 199.909 47.1702 -13 -2 1 0 1 4.61553e-05 -3.17582e-05 0.00120341 0 0 0 
194.642 -134.391 7598.82 4.94316 -3.45815 199.909 47.5474 -13 -2 1 0 1 4.43455e-05 -3.05182e-05 0.00115668 0 0 0 
197.113 -136.12 7698.77 4.94347 -3.45769 199.909 47.9247 -13 -2 1 0 1 4.26286e-05 -2.93414e-05 0.00111232 0 0 0 
199.585 -137.848 7798.73 4.94377 -3.45724 199.909 48.3019 -13 -2 1 0 1 4.09991e-05 -2.82242e-05 0.0010702 0 0 0 
202.057 -139.577 7898.68 4.94405 -3.45682 199.909 48.6792 -13 -2 1 0 1 3.9452e-05 -2.71633e-05 0.00103019 0 0 0 
204.529 -141.305 7998.64 4.94433 -3.45641 199.909 49.0565 -13 -2 1 0 1 3.79813e-05 -2.61545e-05 0.00099214 0 0 0 
207.001 -143.033 8098.59 4.94459 -3.45601 199.909 49.4337 -13 -2 1 0 1 3.65832e-05 -2.51952e-05 0.000955945 0 0 0 
209.474 -144.761 8198.54 4.94485 -3.45563 199.909 49.811 -13 -2 1 0 1 3.52524e-05 -2.4282e-05 0.000921484 0 0 0 
211.946 -146.489 8298.5 4.94509 -3.45526 199.909 50.1882 -13 -2 1 0 1 3.39853e-05 -2.34122e-05 0.000888657 0 0 0 
214.419 -148.217 8398.45 4.94533 -3.45491 199.909 50.5655 -13 -2 1 0 1 3.27786e-05 -2.25837e-05 0.000857376 0 0 0 
216.892 -149.944 8498.41 4.94556 -3.45457 199.909 50.9427 -13 -2 1 0 1 3.1628e-05 -2.17935e-05 0.000827541 0 0 0 
219.364 -151.671 8598.36 4.94578 -3.45424 199.909 51.32 -13 -2 1 0 1 3.05308e-05 -2.104e-05 0.000799078 0 0 0 
221.837 -153.398 8698.32 4.94599 -3.45393 199.909 51.6972 -13 -2 1 0 1 2.94836e-05 -2.03205e-05 0.000771901 0 0 0 
224.31 -155.125 8798.27 4.9462 -3.45362 199.909 52.0745 -13 -2 1 0 1 2.84835e-05 -1.96334e-05 0.000745941 0 0 0 
226.784 -156.852 8898.23 4.9464 -3.45332 199.909 52.4517 -13 -2 1 0 1 2.75285e-05 -1.89771e-05 0.000721135 0 0 0 
229.257 -158.578 8998.18 4.94659 -3.45304 199.909 52.829 -13 -2 1 0 1 2.66154e-05 -1.83495e-05 0.000697414 0 0 0 
231.73 -160.305 9098.13 4.94677 -3.45276 199.909 53.2062 -13 -2 1 0 1 2.57425e-05 -1.77494e-05 0.000674724 0 0 0 
234.204 -162.031 9198.09 4.94695 -3.4525 199.909 53.5835 -13 -2 1 0 1 2.49072e-05 -1.7175e-05 0.000653006 0 0 0 
236.677 -163.757 9298.04 4.94713 -3.45224 199.909 53.9607 -13 -2 1 0 1 2.41074e-05 -1.6625e-05 0.000632207 0 0 0 
239.151 -165.483 9398 4.9473 -3.45199 199.909 54.338 -13 -2 1 0 1 2.33418e-05 -1.60984e-05 0.000612286 0 0 0 
241.624 -167.209 9497.95 4.94746 -3.45175 199.909 54.7152 -13 -2 1 0 1 2.26081e-05 -1.55937e-05 0.00059319 0 0 0 
244.098 -168.935 9597.91 4.94762 -3.45151 199.909 55.0925 -13 -2 1 0 1 2.1905e-05 -1.511e-05 0.000574882 0 0 0 
246.572 -170.661 9697.86 4.94777 -3.45129 199.909 55.4697 -13 -2 1 0 1 2.12305e-05 -1.46459e-05 0.000557318 0 0 0 
249.046 -172.386 9797.82 4.94792 -3.45107 199.909 55.847 -13 -2 1 0 1 2.05834e-05 -1.42006e-05 0.00054046 0 0 0 
251.52 -174.112 9897.77 4.94806 -3.45086 199.909 56.2242 -13 -2 1 0 1 1.99625e-05 -1.37732e-05 0.000524279 0 0 0 
253.994 -175.837 9997.73 4.9482 -3.45065 199.909 56.6015 -13 -2 1 0 1 1.93662e-05 -1.33627e-05 0.000508734 0 0 0 
256.468 -177.563 10097.7 4.94834 -3.45045 199.909 56.9787 -13 -2 1 0 1 1.87935e-05 -1.29685e-05 0.000493799 0 0 0 
258.942 -179.288 10197.6 4.94847 -3.45026 199.909 57.356 -13 -2 1 0 1 1.82431e-05 -1.25895e-05 0.000479443 0 0 0 
261.417 -181.013 10297.6 4.94859 -3.45007 199.909 57.7332 -13 -2 1 0 1 1.77138e-05 -1.22251e-05 0.000465636 0 0 0 
261.493 -181.066 10300.7 4.9486 -3.45006 199.909 57.7449 -13 -2 1 0 1 1.76979e-05 -1.22141e-05 0.000465218 0 0 0 

# Event -1 Track 1
20 0 -5000 0 0 200 0 -13 -1 1 0 1 -2.41535e-05 3.46959e-07 0.00405044 0 0 0 
20 -9.29699e-10 -5000 -5.20078e-11 -3.62051e-09 200 1.88625e-06 -13 -1 1 0 1 -2.41535e-05 3.46959e-07 0.00405044 0 0 0 
20 -0.000185943 -4900 -1.09538e-05 -0.000753835 200 0.377253 -13 -1 1 0 1 -2.61703e-05 3.68471e-07 0.00430194 0 0 0 
20 -0.000764428 -4800 -2.31235e-05 -0.00157125 200 0.754504 -13 -1 1 0 1 -2.84008e-05 3.92324e-07 0.00457457 0 0 0 
20 -0.00176893 -4700 -3.67014e-05 -0.00245909 200 1.13175 -13 -1 1 0 1 -3.08739e-05 4.18932e-07 0.00487072 0 0 0 
20 -0.00323654 -4600 -5.19157e-05 -0.00342509 200 1.50901 -13 -1 1 0 1 -3.36219e-05 4.48768e-07 0.00519297 0 0 0 
19.9999 -0.0052085 -4500 -6.90399e-05 -0.00447803 200 1.88626 -13 -1 1 0 1 -3.66805e-05 4.82367e-07 0.00554411 0 0 0 
19.9999 -0.00773071 -4400 -8.84012e-05 -0.00562787 200 2.26351 -13 -1 1 0 1 -4.00964e-05 5.20509e-07 0.00592776 0 0 0 
19.9998 -0.0108544 -4300 -0.000110393 -0.00688601 200 2.64076 -13 -1 1 0 1 -4.39167e-05 5.63971e-07 0.00634741 0 0 0 
19.9998 -0.0146369 -4200 -0.000135494 -0.00826548 200 3.01801 -13 -1 1 0 1 -4.82023e-05 6.13859e-07 0.00680758 0 0 0 
19.9997 -0.0191426 -4100 -0.00016428 -0.00978121 200 3.39526 -13 -1 1 0 1 -5.30229e-05 6.71496e-07 0.00731326 0 0 0 
19.9996 -0.0244437 -4000 -0.000197459 -0.0114504 200 3.77251 -13 -1 1 0 1 -5.84571e-05 7.38462e-07 0.00786993 0 0 0 
19.9995 -0.0306219 -3900 -0.000235894 -0.0132929 200 4.14976 -13 -1 1 0 1 -6.46082e-05 8.16976e-07 0.00848478 0 0 0 
19.9994 -0.0377694 -3800 -0.000280647 -0.0153318 200 4.52701 -13 -1 1 0 1 -7.15839e-05 9.09495e-07 0.00916491 0 0 0 
19.9992 -0.0459909 -3700 -0.000333038 -0.0175939 200 4.90426 -13 -1 1 0 1 -7.95248e-05 1.01943e-06 0.00991957 0 0 0 
19.999 -0.0554056 -3600 -0.000394699 -0.0201103 200 5.28151 -13 -1 1 0 1 -8.85954e-05 1.15105e-06 0.0107592 0 0 0 
19.9988 -0.0661496 -3500 -0.000467677 -0.0229178 200 5.65876 -13 -1 1 0 1 -9.8986e-05 1.30968e-06 0.0116956 0 0 0 
19.9986 -0.078379 -3400 -0.000554546 -0.0260595 200 6.03602 -13 -1 1 0 1 -0.00011095 1.50273e-06 0.0127442 0 0 0 
19.9983 -0.0922732 -3300 -0.000658556 -0.0295864 200 6.41327 -13 -1 1 0 1 -0.000124761 1.73916e-06 0.013921 0 0 0 
19.9979 -0.10804 -3200 -0.000783853 -0.0335592 200 6.79052 -13 -1 1 0 1 -0.000140782 2.03131e-06 0.0152467 0 0 0 
19.9975 -0.125919 -3100 -0.000935741 -0.0380502 200 7.16777 -13 -1 1 0 1 -0.000159449 2.3954e-06 0.0167457 0 0 0 
19.997 -0.146191 -3000 -0.00112108 -0.0431463 200 7.54502 -13 -1 1 0 1 -0.000181284 2.85262e-06 0.0184459 0 0 0 
19.9963 -0.169183 -2900 -0.00134877 -0.0489524 200 7.92227 -13 -1 1 0 1 -0.000206993 3.4329e-06 0.0203847 0 0 0 
19.9956 -0.195282 -2800 -0.0016305 -0.0555954 200 8.29952 -13 -1 1 0 1 -0.000237374 4.17487e-06 0.0226021 0 0 0 
19.9947 -0.224944 -2700 -0.0019817 -0.0632311 200 8.67677 -13 -1 1 0 1 -0.000273508 5.13332e-06 0.0251516 0 0 0 
19.9936 -0.25871 -2600 -0.00242295 -0.0720501 200 9.05402 -13 -1 1 0 1 -0.000316742 6.3836e-06 0.0280972 0 0 0 
19.9923 -0.29723 -2500 -0.00298201 -0.0822891 200 9.43127 -13 -1 1 0 1 -0.000368754 8.02989e-06 0.0315158 0 0 0 
19.9906 -0.341285 -2400 -0.00369657 -0.0942429 200 9.80852 -13 -1 1 0 1 -0.000431874 1.02245e-05 0.0355117 0 0 0 
19.9885 -0.39182 -2300 -0.00461851 -0.108282 200 10.1858 -13 -1 1 0 1 -0.000508891 1.31785e-05 0.0402035 0 0 0 
19.9859 -0.449992 -2200 -0.00582008 -0.124875 200 10.563 -13 -1 1 0 1 -0.000603695 1.72054e-05 0.0457524 0 0 0 
19.9826 -0.51722 -2100 -0.00740298 -0.144624 200 10.9403 -13 -1 1 0 1 -0.000721384 2.27647e-05 0.0523615 0 0 0 
19.9784 -0.59527 -2000 -0.00951274 -0.168303 200 11.3175 -13 -1 1 0 1 -0.000868639 3.05368e-05 0.0602854 0 0 0 
19.973 -0.686345 -1900 -0.0123602 -0.196923 200 11.6948 -13 -1 1 0 1 -0.00105513 4.15796e-05 0.0698822 0 0 0 
19.9659 -0.793235 -1800 -0.0162558 -0.231812 200 12.072 -13 -1 1 0 1 -0.00129325 5.74894e-05 0.0815874 0 0 0 
19.9565 -0.919495 -1700 -0.0216657 -0.274746 200 12.4493 -13 -1 1 0 1 -0.0016011 8.08174e-05 0.0960166 0 0 0 
19.9439 -1.06971 -1600 -0.0293004 -0.328108 200 12.8265 -13 -1 1 0 1 -0.002004 0.000115651 0.113994 0 0 0 
19.9267 -1.24988 -1500 -0.0402685 -0.395154 200 13.2038 -13 -1 1 0 1 -0.00253736 0.000168644 0.136624 0 0 0 
19.9028 -1.46789 -1400 -0.0563346 -0.480363 199.999 13.581 -13 -1 1 0 1 -0.00325537 0.000251167 0.165542 0 0 0 
19.869 -1.73429 -1300 -0.080374 -0.589964 199.999 13.9583 -13 -1 1 0 1 -0.00423318 0.000382424 0.202916 0 0 0 
19.8203 -2.06336 -1200 -0.117197 -0.732715 199.999 14.3355 -13 -1 1 0 1 -0.00558651 0.000596624 0.252003 0 0 0 
19.7483 -2.47454 -1100 -0.175043 -0.920864 199.998 14.7128 -13 -1 1 0 1 -0.00748686 0.000955501 0.317518 0 0 0 
19.6394 -2.99461 -1000 -0.268434 -1.17152 199.996 15.09 -13 -1 1 0 1 -0.0101837 0.0015724 0.406305 0 0 0 
19.4697 -3.66026 -900.006 -0.42354 -1.50755 199.994 15.4673 -13 -1 1 0 1 -0.0140571 0.00266376 0.529122 0 0 0 
19.1978 -4.521 -800.01 -0.688398 -1.95665 199.989 15.8445 -13 -1 1 0 1 -0.0195903 0.00463352 0.701297 0 0 0 
18.7487 -5.63989 -700.017 -1.15158 -2.54257 199.981 16.2218 -13 -1 1 0 1 -0.0273323 0.00823495 0.946264 0 0 0 
17.9874 -7.08467 -600.031 -1.97095 -3.25102 199.964 16.599 -13 -1 1 0 1 -0.0374554 0.0147443 1.29678 0 0 0 
16.6768 -8.88808 -500.056 -3.39727 -3.93099 199.933 16.9763 -13 -1 1 0 1 -0.0485122 0.0257961 1.7922 0 0 0 
14.443 -10.9295 -400.102 -5.69403 -4.07167 199.877 17.3535 -13 -1 1 0 1 -0.0552132 0.0416182 2.46663 0 0 0 
10.8609 -12.6846 -300.183 -8.67107 -2.54756 199.796 17.7308 -13 -1 1 0 1 -0.0481238 0.0558604 3.30189 0 0 0 
5.92769 -12.9781 -200.308 -10.6413 1.89833 199.708 18.108 -13 -1 1 0 1 -0.0243619 0.052753 4.17573 0 0 0 
0.944213 -10.4325 -100.469 -8.33104 8.30536 199.654 18.4853 -13 -1 1 0 1 -0.00237049 0.0253875 4.85668 0 0 0 
-1.46964 -5.14164 -0.646488 -0.660036 11.9272 199.643 18.8625 -13 -1 1 0 1 2.52843e-05 -0.000804734 5.11763 0 0 0 
-1.45747 -5.10594 -0.0005 -0.600652 11.9303 199.643 18.865 -13 -1 1 0 1 -1.51926e-08 -0.000893294 5.11789 0 0 0 
-1.45745 -5.10589 0.0005 -0.60056 11.9303 199.643 18.865 -13 -1 1 0 1 -5.40414e-08 -0.00089343 5.11789 0 0 0 
0.450607 0.400597 99.822 7.78916 9.05961 199.643 19.2422 -13 -1 1 0 1 0.00112497 0.000195688 4.85827 0 0 0 
5.53339 3.32223 199.644 11.6195 2.473 199.647 19.6195 -13 -1 1 0 1 0.0227038 0.0130446 4.18051 0 0 0 
11.311 3.09705 299.473 10.9904 -2.9201 199.676 19.9967 -13 -1 1 0 1 0.0501286 0.0133798 3.30829 0 0 0 
16.2813 0.884641 399.324 8.84838 -5.50425 199.728 20.374 -13 -1 1 0 1 0.0623401 0.00322247 2.47295 0 0 0 
20.2201 -2.08931 499.202 7.01859 -6.17833 199.781 20.7512 -13 -1 1 0 1 0.0589749 -0.00615328 1.79696 0 0 0 
23.4159 -5.16048 599.103 5.86973 -6.03344 199.823 21.1285 -13 -1 1 0 1 0.0489026 -0.0107858 1.29982 0 0 0 
26.1758 -8.08574 699.022 5.2365 -5.65469 199.851 21.5057 -13 -1 1 0 1 0.0382776 -0.0118111 0.948248 0 0 0 
28.7033 -10.8145 798.953 4.91115 -5.26733 199.87 21.883 -13 -1 1 0 1 0.0293766 -0.0110481 0.702489 0 0 0 
31.1147 -13.3628 898.892 4.75431 -4.93684 199.883 22.2602 -13 -1 1 0 1 0.0225241 -0.00965235 0.52983 0 0 0 
33.4722 -15.7623 998.835 4.68636 -4.67125 199.891 22.6375 -13 -1 1 0 1 0.0173978 -0.0081731 0.406724 0 0 0 
35.8086 -18.0434 1098.78 4.66441 -4.46171 199.896 23.0147 -13 -1 1 0 1 0.0136027 -0.00683681 0.31773 0 0 0 
38.1404 -20.2314 1198.73 4.66573 -4.29667 199.899 23.392 -13 -1 1 0 1 0.010771 -0.00569834 0.252134 0 0 0 
40.4761 -22.3458 1298.68 4.6783 -4.16587 199.902 23.7693 -13 -1 1 0 1 0.00863858 -0.00475618 0.202977 0 0 0 
42.8195 -24.4016 1398.63 4.69578 -4.06129 199.904 24.1465 -13 -1 1 0 1 0.0070146 -0.00398633 0.165567 0 0 0 
45.1722 -26.4104 1498.58 4.71483 -3.97683 199.905 24.5238 -13 -1 1 0 1 0.00576005 -0.00335817 0.136627 0 0 0 
47.5344 -28.381 1598.54 4.73377 -3.90788 199.906 24.901 -13 -1 1 0 1 0.00478191 -0.00284693 0.113976 0 0 0 
49.9058 -30.3203 1698.49 4.75174 -3.85102 199.906 25.2783 -13 -1 1 0 1 0.00400849 -0.00242831 0.095996 0 0 0 
52.2859 -32.2336 1798.44 4.7684 -3.80366 199.907 25.6555 -13 -1 1 0 1 0.00339015 -0.00208387 0.0815607 0 0 0 
54.6739 -34.1252 1898.4 4.78362 -3.76387 199.907 26.0328 -13 -1 1 0 1 0.00289105 -0.00179915 0.0698556 0 0 0 
57.0693 -35.9985 1998.35 4.79741 -3.73015 199.908 26.41 -13 -1 1 0 1 0.00248346 -0.00156187 0.0602589 0 0 0 
59.4711 -37.8562 2098.3 4.80987 -3.70135 199.908 26.7873 -13 -1 1 0 1 0.00214848 -0.00136351 0.0523328 0 0 0 
61.8789 -39.7005 2198.26 4.8211 -3.67659 199.908 27.1645 -13 -1 1 0 1 0.00187044 -0.00119643 0.0457263 0 0 0 
64.292 -41.5333 2298.21 4.83121 -3.65514 199.908 27.5418 -13 -1 1 0 1 0.00163785 -0.00105486 0.0401778 0 0 0 
66.71 -43.3561 2398.17 4.84033 -3.63645 199.908 27.919 -13 -1 1 0 1 0.00144208 -0.00093438 0.0354884 0 0 0 
69.1322 -45.1702 2498.12 4.84855 -3.62008 199.908 28.2963 -13 -1 1 0 1 0.00127585 -0.000831076 0.0314941 0 0 0 
71.5584 -46.9765 2598.08 4.85599 -3.60566 199.909 28.6735 -13 -1 1 0 1 0.00113416 -0.000742262 0.0280759 0 0 0 
73.9881 -48.7761 2698.03 4.86272 -3.59289 199.909 29.0508 -13 -1 1 0 1 0.00101254 -0.000665454 0.0251322 0 0 0 
76.421 -50.5697 2797.98 4.86882 -3.58154 199.909 29.428 -13 -1 1 0 1 0.000907574 -0.000598706 0.0225836 0 0 0 
78.8568 -52.3578 2897.94 4.87437 -3.5714 199.909 29.8053 -13 -1 1 0 1 0.000816618 -0.00054052 0.020368 0 0 0 
81.2953 -54.1412 2997.89 4.87943 -3.56232 199.909 30.1825 -13 -1 1 0 1 0.000737262 -0.000489475 0.0184305 0 0 0 
83.7362 -55.9203 3097.85 4.88404 -3.55414 199.909 30.5598 -13 -1 1 0 1 0.000667859 -0.000444614 0.0167308 0 0 0 
86.1793 -57.6955 3197.8 4.88826 -3.54675 199.909 30.937 -13 -1 1 0 1 0.000606862 -0.000405012 0.0152331 0 0 0 
88.6244 -59.4672 3297.76 4.89213 -3.54006 199.909 31.3143 -13 -1 1 0 1 0.000553022 -0.000369915 0.013908 0 0 0 
91.0713 -61.2357 3397.71 4.89568 -3.53398 199.909 31.6915 -13 -1 1 0 1 0.000505385 -0.000338748 0.0127325 0 0 0 
93.52 -63.0012 3497.66 4.89895 -3.52844 199.909 32.0688 -13 -1 1 0 1 0.000462995 -0.000310921 0.0116847 0 0 0 
95.9702 -64.7642 3597.62 4.90197 -3.52337 199.909 32.446 -13 -1 1 0 1 0.000425218 -0.000286047 0.0107487 0 0 0 
98.4219 -66.5247 3697.57 4.90475 -3.51873 199.909 32.8233 -13 -1 1 0 1 0.000391431 -0.000263737 0.00990988 0 0 0 
100.875 -68.283 3797.53 4.90732 -3.51447 199.909 33.2005 -13 -1 1 0 1 0.000361109 -0.000243663 0.00915569 0 0 0 
103.329 -70.0392 3897.48 4.90971 -3.51055 199.909 33.5778 -13 -1 1 0 1 0.000333853 -0.000225576 0.0084763 0 0 0 
105.785 -71.7936 3997.44 4.91193 -3.50693 199.909 33.955 -13 -1 1 0 1 0.000309242 -0.000209208 0.00786203 0 0 0 
108.241 -73.5462 4097.39 4.91399 -3.50358 199.909 34.3323 -13 -1 1 0 1 0.000286991 -0.00019438 0.00730568 0 0 0 
110.699 -75.2972 4197.35 4.91591 -3.50048 199.909 34.7095 -13 -1 1 0 1 0.000266822 -0.000180914 0.00680052 0 0 0 
113.157 -77.0467 4297.3 4.9177 -3.49761 199.909 35.0868 -13 -1 1 0 1 0.000248488 -0.000168651 0.00634069 0 0 0 
115.616 -78.7948 4397.25 4.91937 -3.49493 199.909 35.464 -13 -1 1 0 1 0.000231806 -0.000157475 0.00592151 0 0 0 
118.076 -80.5417 4497.21 4.92094 -3.49244 199.909 35.8413 -13 -1 1 0 1 0.00021657 -0.000147252 0.00553826 0 0 0 
120.537 -82.2873 4597.16 4.9224 -3.49012 199.909 36.2185 -13 -1 1 0 1 0.000202639 -0.000137892 0.00518736 0 0 0 
122.999 -84.0318 4697.12 4.92377 -3.48795 199.909 36.5958 -13 -1 1 0 1 0.000189877 -0.000129306 0.00486546 0 0 0 
125.461 -85.7753 4797.07 4.92506 -3.48592 199.909 36.973 -13 -1 1 0 1 0.000178158 -0.000121412 0.00456954 0 0 0 
127.924 -87.5178 4897.03 4.92628 -3.48401 199.909 37.3503 -13 -1 1 0 1 0.000167391 -0.00011415 0.00429723 0 0 0 
130.387 -89.2593 4996.98 4.92742 -3.48223 199.909 37.7275 -13 -1 1 0 1 0.000157466 -0.00010745 0.00404601 0 0 0 
130.462 -89.3119 5000 4.92745 -3.48218 199.909 37.7389 -13 -1 1 0 1 0.000157177 -0.000107254 0.0040387 0 0 0 
130.462 -89.3119 5000 4.92745 -3.48218 199.909 37.7389 -13 -1 1 0 1 0.000157177 -0.000107254 0.0040387 0 0 0 
132.926 -91.0526 5099.95 4.92853 -3.4805 199.909 38.1162 -13 -1 1 0 1 0.000148045 -0.000101083 0.00380727 0 0 0 
135.39 -92.7924 5199.91 4.92954 -3.47893 199.909 38.4934 -13 -1 1 0 1 0.000139604 -9.53716e-05 0.00359311 0 0 0 
137.855 -94.5315 5299.86 4.9305 -3.47744 199.909 38.8707 -13 -1 1 0 1 0.000131792 -9.00821e-05 0.00339472 0 0 0 
140.321 -96.2699 5399.82 4.9314 -3.47604 199.909 39.2479 -13 -1 1 0 1 0.000124553 -8.51762e-05 0.00321067 0 0 0 
142.787 -98.0076 5499.77 4.93226 -3.47472 199.909 39.6252 -13 -1 1 0 1 0.000117831 -8.06167e-05 0.00303962 0 0 0 
145.253 -99.7446 5599.73 4.93307 -3.47348 199.909 40.0024 -13 -1 1 0 1 0.000111586 -7.63775e-05 0.00288054 0 0 0 
147.72 -101.481 5699.68 4.93383 -3.47229 199.909 40.3797 -13 -1 1 0 1 0.000105772 -7.24281e-05 0.00273233 0 0 0 
150.187 -103.217 5799.64 4.93456 -3.47118 199.909 40.7569 -13 -1 1 0 1 0.000100355 -6.8746e-05 0.00259411 0 0 0 
152.654 -104.952 5899.59 4.93526 -3.47012 199.909 41.1342 -13 -1 1 0 1 9.53024e-05 -6.53093e-05 0.00246507 0 0 0 
155.122 -106.687 5999.55 4.93591 -3.46911 199.909 41.5114 -13 -1 1 0 1 9.05812e-05 -6.20961e-05 0.00234441 0 0 0 
157.59 -108.421 6099.5 4.93654 -3.46816 199.909 41.8887 -13 -1 1 0 1 8.61677e-05 -5.90904e-05 0.00223151 0 0 0 
160.058 -110.155 6199.45 4.93714 -3.46725 199.909 42.2659 -13 -1 1 0 1 8.20349e-05 -5.62744e-05 0.00212572 0 0 0 
162.527 -111.889 6299.41 4.9377 -3.46638 199.909 42.6432 -13 -1 1 0 1 7.81622e-05 -5.36342e-05 0.00202651 0 0 0 
164.996 -113.622 6399.36 4.93825 -3.46556 199.909 43.0204 -13 -1 1 0 1 7.45302e-05 -5.11568e-05 0.00193339 0 0 0 
167.465 -115.354 6499.32 4.93876 -3.46478 199.909 43.3977 -13 -1 1 0 1 7.11184e-05 -4.88285e-05 0.00184587 0 0 0 
169.935 -117.086 6599.27 4.93925 -3.46403 199.909 43.7749 -13 -1 1 0 1 6.79123e-05 -4.66396e-05 0.00176356 0 0 0 
172.405 -118.818 6699.23 4.93973 -3.46332 199.909 44.1522 -13 -1 1 0 1 6.48951e-05 -4.45787e-05 0.00168605 0 0 0 
174.875 -120.55 6799.18 4.94018 -3.46264 199.909 44.5294 -13 -1 1 0 1 6.2054e-05 -4.26373e-05 0.00161302 0 0 0 
177.345 -122.281 6899.14 4.94061 -3.46199 199.909 44.9067 -13 -1 1 0 1 5.93768e-05 -4.08072e-05 0.00154416 0 0 0 
179.815 -124.012 6999.09 4.94102 -3.46137 199.909 45.2839 -13 -1 1 0 1 5.68506e-05 -3.90796e-05 0.00147914 0 0 0 
182.286 -125.742 7099.04 4.94141 -3.46077 199.909 45.6612 -13 -1 1 0 1 5.44662e-05 -3.74484e-05 0.00141773 0 0 0 
184.757 -127.472 7199 4.94179 -3.4602 199.909 46.0384 -13 -1 1 0 1 5.22126e-05 -3.59062e-05 0.00135967 0 0 0 
187.228 -129.202 7298.95 4.94216 -3.45966 199.909 46.4157 -13 -1 1 0 1 5.00815e-05 -3.44473e-05 0.00130473 0 0 0 
189.699 -130.932 7398.91 4.9425 -3.45913 199.909 46.7929 -13 -1 1 0 1 4.80653e-05 -3.30666e-05 0.00125271 0 0 0 
192.17 -132.662 7498.86 4.94284 -3.45863 199.909 47.1702 -13 -1 1 0 1 4.61553e-05 -3.17582e-05 0.00120341 0 0 0 
194.642 -134.391 7598.82 4.94316 -3.45815 199.909 47.5474 -13 -1 1 0 1 4.43455e-05 -3.05182e-05 0.00115668 0 0 0 
197.113 -136.12 7698.77 4.94347 -3.45769 199.909 47.9247 -13 -1 1 0 1 4.26286e-05 -2.93414e-05 0.00111232 0 0 0 
199.585 -137.848 7798.73 4.94377 -3.45724 199.909 48.3019 -13 -1 1 0 1 4.09991e-05 -2.82242e-05 0.0010702 0 0 0 
202.057 -139.577 7898.68 4.94405 -3.45682 199.909 48.6792 -13 -1 1 0 1 3.9452e-05 -2.71633e-05 0.00103019 0 0 0 
204.529 -141.305 7998.64 4.94433 -3.45641 199.909 49.0565 -13 -1 1 0 1 3.79813e-05 -2.61545e-05 0.00099214 0 0 0 
207.001 -143.033 8098.59 4.94459 -3.45601 199.909 49.4337 -13 -1 1 0 1 3.65832e-05 -2.51952e-05 0.000955945 0 0 0 
209.474 -144.761 8198.54 4.94485 -3.45563 199.909 49.811 -13 -1 1 0 1 3.52524e-05 -2.4282e-05 0.000921484 0 0 0 
211.946 -146.489 8298.5 4.94509 -3.45526 199.909 50.1882 -13 -1 1 0 1 3.39853e-05 -2.34122e-05 0.000888657 0 0 0 
214.419 -148.217 8398.45 4.94533 -3.45491 199.909 50.5655 -13 -1 1 0 1 3.27786e-05 -2.25837e-05 0.000857376 0 0 0 
216.892 -149.944 8498.41 4.94556 -3.45457 199.909 50.9427 -13 -1 1 0 1 3.1628e-05 -2.17935e-05 0.000827541 0 0 0 
219.364 -151.671 8598.36 4.94578 -3.45424 199.909 51.32 -13 -1 1 0 1 3.05308e-05 -2.104e-05 0.000799078 0 0 0 
221.837 -153.398 8698.32 4.94599 -3.45393 199.909 51.6972 -13 -1 1 0 1 2.94836e-05 -2.03205e-05 0.000771901 0 0 0 
224.31 -155.125 8798.27 4.9462 -3.45362 199.909 52.0745 -13 -1 1 0 1 2.84835e-05 -1.96334e-05 0.000745941 0 0 0 
226.784 -156.852 8898.23 4.9464 -3.45332 199.909 52.4517 -13 -1 1 0 1 2.75285e-05 -1.89771e-05 0.000721135 0 0 0 
229.257 -158.578 8998.18 4.94659 -3.45304 199.909 52.829 -13 -1 1 0 1 2.66154e-05 -1.83495e-05 0.000697414 0 0 0 
231.73 -160.305 9098.13 4.94677 -3.45276 199.909 53.2062 -13 -1 1 0 1 2.57425e-05 -1.77494e-05 0.000674724 0 0 0 
234.204 -162.031 9198.09 4.94695 -3.4525 199.909 53.5835 -13 -1 1 0 1 2.49072e-05 -1.7175e-05 0.000653006 0 0 0 
236.677 -163.757 9298.04 4.94713 -3.45224 199.909 53.9607 -13 -1 1 0 1 2.41074e-05 -1.6625e-05 0.000632207 0 0 0 
239.151 -165.483 9398 4.9473 -3.45199 199.909 54.338 -13 -1 1 0 1 2.33418e-05 -1.60984e-05 0.000612286 0 0 0 
241.624 -167.209 9497.95 4.94746 -3.45175 199.909 54.7152 -13 -1 1 0 1 2.26081e-05 -1.55937e-05 0.00059319 0 0 0 
244.098 -168.935 9597.91 4.94762 -3.45151 199.909 55.0925 -13 -1 1 0 1 2.1905e-05 -1.511e-05 0.000574882 0 0 0 
246.572 -170.661 9697.86 4.94777 -3.45129 199.909 55.4697 -13 -1 1 0 1 2.12305e-05 -1.46459e-05 0.000557318 0 0 0 
249.046 -172.386 9797.82 4.94792 -3.45107 199.909 55.847 -13 -1 1 0 1 2.05834e-05 -1.42006e-05 0.00054046 0 0 0 
251.52 -174.112 9897.77 4.94806 -3.45086 199.909 56.2242 -13 -1 1 0 1 1.99625e-05 -1.37732e-05 0.000524279 0 0 0 
253.994 -175.837 9997.73 4.9482 -3.45065 199.909 56.6015 -13 -1 1 0 1 1.93662e-05 -1.33627e-05 0.000508734 0 0 0 
256.468 -177.563 10097.7 4.94834 -3.45045 199.909 56.9787 -13 -1 1 0 1 1.87935e-05 -1.29685e-05 0.000493799 0 0 0 
258.942 -179.288 10197.6 4.94847 -3.45026 199.909 57.356 -13 -1 1 0 1 1.82431e-05 -1.25895e-05 0.000479443 0 0 0 
261.417 -181.013 10297.6 4.94859 -3.45007 199.909 57.7332 -13 -1 1 0 1 1.77138e-05 -1.22251e-05 0.000465636 0 0 0 
261.493 -181.066 10300.7 4.9486 -3.45006 199.909 57.7449 -13 -1 1 0 1 1.76979e-05 -1.22141e-05 0.000465218 0 0 0 

