#BLTrackFile VirtualDetector/det
#x y z Px Py Pz t PDGid EventID TrackID ParentID Weight
#mm mm mm MeV/c MeV/c MeV/c ns - - - - -
#BLTrackFile VirtualDetector/det
#x y z Px Py Pz t PDGid EventID TrackID ParentID Weight
#mm mm mm MeV/c MeV/c MeV/c ns - - - - -
#BLTrackFile VirtualDetector/det
#x y z Px Py Pz t PDGid EventID TrackID ParentID Weight
#mm mm mm MeV/c MeV/c MeV/c ns - - - - -
#BLTrackFile VirtualDetector/det
#x y z Px Py Pz t PDGid EventID TrackID ParentID Weight
#mm mm mm MeV/c MeV/c MeV/c ns - - - - -
#BLTrackFile VirtualDetector/det
#x y z Px Py Pz t PDGid EventID TrackID ParentID Weight
#mm mm mm MeV/c MeV/c MeV/c ns - - - - -
-1.49461 -5.10154 -0.0005 -0.649582 12.0027 199.739 18.95 -13 1 1 0 1
130.589 -88.4281 5000 4.93354 -3.45312 200.009 37.8218 -13 1 1 0 1
-1.49461 -5.10154 -0.0005 -0.649582 12.0027 199.739 20.4892 -13 2 1 0 1
130.589 -88.4281 5000 4.93354 -3.45312 200.009 39.3611 -13 2 1 0 1
-1.49461 -5.10154 -0.0005 -0.649582 12.0027 199.739 17.9655 -13 3 1 0 1
130.589 -88.4281 5000 4.93354 -3.45312 200.009 36.8374 -13 3 1 0 1
-1.49461 -5.10154 -0.0005 -0.649582 12.0027 199.739 18.6519 -13 4 1 0 1
130.589 -88.4281 5000 4.93354 -3.45312 200.009 37.5237 -13 4 1 0 1
-1.49461 -5.10154 -0.0005 -0.649582 12.0027 199.739 20.2633 -13 5 1 0 1
130.589 -88.4281 5000 4.93354 -3.45312 200.009 39.1351 -13 5 1 0 1
-1.49461 -5.10154 -0.0005 -0.649582 12.0027 199.739 19.1684 -13 6 1 0 1
130.589 -88.4281 5000 4.93354 -3.45312 200.009 38.0403 -13 6 1 0 1
-1.49461 -5.10154 -0.0005 -0.649582 12.0027 199.739 19.0212 -13 7 1 0 1
130.589 -88.4281 5000 4.93354 -3.45312 200.009 37.893 -13 7 1 0 1
-1.49461 -5.10154 -0.0005 -0.649582 12.0027 199.739 19.026 -13 8 1 0 1
130.589 -88.4281 5000 4.93354 -3.45312 200.009 37.8979 -13 8 1 0 1
-1.49461 -5.10154 -0.0005 -0.649582 12.0027 199.739 18.5084 -13 9 1 0 1
130.589 -88.4281 5000 4.93354 -3.45312 200.009 37.3803 -13 9 1 0 1
-1.49461 -5.10154 -0.0005 -0.649582 12.0027 199.739 19.1688 -13 10 1 0 1
130.589 -88.4281 5000 4.93354 -3.45312 200.009 38.0406 -13 10 1 0 1
-1.49461 -5.10154 -0.0005 -0.649582 12.0027 199.739 18.7988 -13 11 1 0 1
130.589 -88.4281 5000 4.93354 -3.45312 200.009 37.6707 -13 11 1 0 1
-1.49461 -5.10154 -0.0005 -0.649582 12.0027 199.739 18.9898 -13 12 1 0 1
130.589 -88.4281 5000 4.93354 -3.45312 200.009 37.8616 -13 12 1 0 1
-1.49461 -5.10154 -0.0005 -0.649582 12.0027 199.739 20.3849 -13 13 1 0 1
130.589 -88.4281 5000 4.93354 -3.45312 200.009 39.2567 -13 13 1 0 1
-1.49461 -5.10154 -0.0005 -0.649582 12.0027 199.739 19.4848 -13 14 1 0 1
130.589 -88.4281 5000 4.93354 -3.45312 200.009 38.3567 -13 14 1 0 1
-1.49461 -5.10154 -0.0005 -0.649582 12.0027 199.739 16.5775 -13 15 1 0 1
130.589 -88.4281 5000 4.93354 -3.45312 200.009 35.4494 -13 15 1 0 1
-1.49461 -5.10154 -0.0005 -0.649582 12.0027 199.739 19.8876 -13 16 1 0 1
130.589 -88.4281 5000 4.93354 -3.45312 200.009 38.7594 -13 16 1 0 1
-1.49461 -5.10154 -0.0005 -0.649582 12.0027 199.739 20.1831 -13 17 1 0 1
130.589 -88.4281 5000 4.93354 -3.45312 200.009 39.055 -13 17 1 0 1
-1.49461 -5.10154 -0.0005 -0.649582 12.0027 199.739 19.0108 -13 18 1 0 1
130.589 -88.4281 5000 4.93354 -3.45312 200.009 37.8826 -13 18 1 0 1
-1.49461 -5.10154 -0.0005 -0.649582 12.0027 199.739 18.955 -13 19 1 0 1
130.589 -88.4281 5000 4.93354 -3.45312 200.009 37.8268 -13 19 1 0 1
-1.49461 -5.10154 -0.0005 -0.649582 12.0027 199.739 19.1148 -13 20 1 0 1
130.589 -88.4281 5000 4.93354 -3.45312 200.009 37.9867 -13 20 1 0 1
-1.49461 -5.10154 -0.0005 -0.649582 12.0027 199.739 17.6196 -13 21 1 0 1
130.589 -88.4281 5000 4.93354 -3.45312 200.009 36.4914 -13 21 1 0 1
-1.49461 -5.10154 -0.0005 -0.649582 12.0027 199.739 17.385 -13 22 1 0 1
130.589 -88.4281 5000 4.93354 -3.45312 200.009 36.2569 -13 22 1 0 1
-1.49461 -5.10154 -0.0005 -0.649582 12.0027 199.739 19.9979 -13 23 1 0 1
130.589 -88.4281 5000 4.93354 -3.45312 200.009 38.8698 -13 23 1 0 1
-1.49461 -5.10154 -0.0005 -0.649582 12.0027 199.739 19.5869 -13 24 1 0 1
130.589 -88.4281 5000 4.93354 -3.45312 200.009 38.4587 -13 24 1 0 1
-1.49461 -5.10154 -0.0005 -0.649582 12.0027 199.739 17.3413 -13 25 1 0 1
130.589 -88.4281 5000 4.93354 -3.45312 200.009 36.2132 -13 25 1 0 1
-1.49461 -5.10154 -0.0005 -0.649582 12.0027 199.739 19.0277 -13 26 1 0 1
130.589 -88.4281 5000 4.93354 -3.45312 200.009 37.8996 -13 26 1 0 1
-1.49461 -5.10154 -0.0005 -0.649582 12.0027 199.739 17.6458 -13 27 1 0 1
130.589 -88.4281 5000 4.93354 -3.45312 200.009 36.5176 -13 27 1 0 1
-1.49461 -5.10154 -0.0005 -0.649582 12.0027 199.739 18.4071 -13 28 1 0 1
130.589 -88.4281 5000 4.93354 -3.45312 200.009 37.279 -13 28 1 0 1
-1.49461 -5.10154 -0.0005 -0.649582 12.0027 199.739 18.7228 -13 29 1 0 1
130.589 -88.4281 5000 4.93354 -3.45312 200.009 37.5947 -13 29 1 0 1
-1.49461 -5.10154 -0.0005 -0.649582 12.0027 199.739 18.5427 -13 30 1 0 1
130.589 -88.4281 5000 4.93354 -3.45312 200.009 37.4146 -13 30 1 0 1
-1.49461 -5.10154 -0.0005 -0.649582 12.0027 199.739 17.5616 -13 31 1 0 1
130.589 -88.4281 5000 4.93354 -3.45312 200.009 36.4335 -13 31 1 0 1
-1.49461 -5.10154 -0.0005 -0.649582 12.0027 199.739 18.7457 -13 32 1 0 1
130.589 -88.4281 5000 4.93354 -3.45312 200.009 37.6176 -13 32 1 0 1
-1.49461 -5.10154 -0.0005 -0.649582 12.0027 199.739 18.3448 -13 33 1 0 1
130.589 -88.4281 5000 4.93354 -3.45312 200.009 37.2167 -13 33 1 0 1
-1.49461 -5.10154 -0.0005 -0.649582 12.0027 199.739 18.2384 -13 34 1 0 1
130.589 -88.4281 5000 4.93354 -3.45312 200.009 37.1103 -13 34 1 0 1
-1.49461 -5.10154 -0.0005 -0.649582 12.0027 199.739 19.3968 -13 35 1 0 1
130.589 -88.4281 5000 4.93354 -3.45312 200.009 38.2686 -13 35 1 0 1
-1.49461 -5.10154 -0.0005 -0.649582 12.0027 199.739 19.0914 -13 36 1 0 1
130.589 -88.4281 5000 4.93354 -3.45312 200.009 37.9632 -13 36 1 0 1
-1.49461 -5.10154 -0.0005 -0.649582 12.0027 199.739 19.6899 -13 37 1 0 1
130.589 -88.4281 5000 4.93354 -3.45312 200.009 38.5617 -13 37 1 0 1
-1.49461 -5.10154 -0.0005 -0.649582 12.0027 199.739 19.4589 -13 38 1 0 1
130.589 -88.4281 5000 4.93354 -3.45312 200.009 38.3308 -13 38 1 0 1
-1.49461 -5.10154 -0.0005 -0.649582 12.0027 199.739 16.7743 -13 39 1 0 1
130.589 -88.4281 5000 4.93354 -3.45312 200.009 35.6462 -13 39 1 0 1
-1.49461 -5.10154 -0.0005 -0.649582 12.0027 199.739 19.3755 -13 40 1 0 1
130.589 -88.4281 5000 4.93354 -3.45312 200.009 38.2473 -13 40 1 0 1
-1.49461 -5.10154 -0.0005 -0.649582 12.0027 199.739 19.4558 -13 41 1 0 1
130.589 -88.4281 5000 4.93354 -3.45312 200.009 38.3277 -13 41 1 0 1
-1.49461 -5.10154 -0.0005 -0.649582 12.0027 199.739 20.556 -13 42 1 0 1
130.589 -88.4281 5000 4.93354 -3.45312 200.009 39.4279 -13 42 1 0 1
-1.49461 -5.10154 -0.0005 -0.649582 12.0027 199.739 20.039 -13 43 1 0 1
130.589 -88.4281 5000 4.93354 -3.45312 200.009 38.9108 -13 43 1 0 1
-1.49461 -5.10154 -0.0005 -0.649582 12.0027 199.739 17.0361 -13 44 1 0 1
130.589 -88.4281 5000 4.93354 -3.45312 200.009 35.9079 -13 44 1 0 1
-1.49461 -5.10154 -0.0005 -0.649582 12.0027 199.739 16.547 -13 45 1 0 1
130.589 -88.4281 5000 4.93354 -3.45312 200.009 35.4189 -13 45 1 0 1
-1.49461 -5.10154 -0.0005 -0.649582 12.0027 199.739 18.7693 -13 46 1 0 1
130.589 -88.4281 5000 4.93354 -3.45312 200.009 37.6412 -13 46 1 0 1
-1.49461 -5.10154 -0.0005 -0.649582 12.0027 199.739 20.5584 -13 47 1 0 1
130.589 -88.4281 5000 4.93354 -3.45312 200.009 39.4303 -13 47 1 0 1
-1.49461 -5.10154 -0.0005 -0.649582 12.0027 199.739 18.9179 -13 48 1 0 1
130.589 -88.4281 5000 4.93354 -3.45312 200.009 37.7897 -13 48 1 0 1
-1.49461 -5.10154 -0.0005 -0.649582 12.0027 199.739 19.6483 -13 49 1 0 1
130.589 -88.4281 5000 4.93354 -3.45312 200.009 38.5202 -13 49 1 0 1
-1.49461 -5.10154 -0.0005 -0.649582 12.0027 199.739 20.0495 -13 50 1 0 1
130.589 -88.4281 5000 4.93354 -3.45312 200.009 38.9213 -13 50 1 0 1
-1.49461 -5.10154 -0.0005 -0.649582 12.0027 199.739 18.9013 -13 51 1 0 1
130.589 -88.4281 5000 4.93354 -3.45312 200.009 37.7732 -13 51 1 0 1
-1.49461 -5.10154 -0.0005 -0.649582 12.0027 199.739 19.3861 -13 52 1 0 1
130.589 -88.4281 5000 4.93354 -3.45312 200.009 38.2579 -13 52 1 0 1
-1.49461 -5.10154 -0.0005 -0.649582 12.0027 199.739 17.0081 -13 53 1 0 1
130.589 -88.4281 5000 4.93354 -3.45312 200.009 35.88 -13 53 1 0 1
-1.49461 -5.10154 -0.0005 -0.649582 12.0027 199.739 19.3241 -13 54 1 0 1
130.589 -88.4281 5000 4.93354 -3.45312 200.009 38.196 -13 54 1 0 1
-1.49461 -5.10154 -0.0005 -0.649582 12.0027 199.739 18.6917 -13 55 1 0 1
130.589 -88.4281 5000 4.93354 -3.45312 200.009 37.5635 -13 55 1 0 1
-1.49461 -5.10154 -0.0005 -0.649582 12.0027 199.739 18.0371 -13 56 1 0 1
130.589 -88.4281 5000 4.93354 -3.45312 200.009 36.909 -13 56 1 0 1
-1.49461 -5.10154 -0.0005 -0.649582 12.0027 199.739 17.9831 -13 57 1 0 1
130.589 -88.4281 5000 4.93354 -3.45312 200.009 36.855 -13 57 1 0 1
-1.49461 -5.10154 -0.0005 -0.649582 12.0027 199.739 20.5155 -13 58 1 0 1
130.589 -88.4281 5000 4.93354 -3.45312 200.009 39.3874 -13 58 1 0 1
-1.49461 -5.10154 -0.0005 -0.649582 12.0027 199.739 18.5318 -13 59 1 0 1
130.589 -88.4281 5000 4.93354 -3.45312 200.009 37.4037 -13 59 1 0 1
-1.49461 -5.10154 -0.0005 -0.649582 12.0027 199.739 19.5107 -13 60 1 0 1
130.589 -88.4281 5000 4.93354 -3.45312 200.009 38.3826 -13 60 1 0 1
-1.49461 -5.10154 -0.0005 -0.649582 12.0027 199.739 17.7553 -13 61 1 0 1
130.589 -88.4281 5000 4.93354 -3.45312 200.009 36.6271 -13 61 1 0 1
-1.49461 -5.10154 -0.0005 -0.649582 12.0027 199.739 19.2347 -13 62 1 0 1
130.589 -88.4281 5000 4.93354 -3.45312 200.009 38.1066 -13 62 1 0 1
-1.49461 -5.10154 -0.0005 -0.649582 12.0027 199.739 19.7313 -13 63 1 0 1
130.589 -88.4281 5000 4.93354 -3.45312 200.009 38.6031 -13 63 1 0 1
-1.49461 -5.10154 -0.0005 -0.649582 12.0027 199.739 18.5859 -13 64 1 0 1
130.589 -88.4281 5000 4.93354 -3.45312 200.009 37.4578 -13 64 1 0 1
-1.49461 -5.10154 -0.0005 -0.649582 12.0027 199.739 21.0411 -13 65 1 0 1
130.589 -88.4281 5000 4.93354 -3.45312 200.009 39.913 -13 65 1 0 1
-1.49461 -5.10154 -0.0005 -0.649582 12.0027 199.739 18.5197 -13 66 1 0 1
130.589 -88.4281 5000 4.93354 -3.45312 200.009 37.3915 -13 66 1 0 1
-1.49461 -5.10154 -0.0005 -0.649582 12.0027 199.739 20.0873 -13 67 1 0 1
130.589 -88.4281 5000 4.93354 -3.45312 200.009 38.9591 -13 67 1 0 1
-1.49461 -5.10154 -0.0005 -0.649582 12.0027 199.739 19.0589 -13 68 1 0 1
130.589 -88.4281 5000 4.93354 -3.45312 200.009 37.9308 -13 68 1 0 1
-1.49461 -5.10154 -0.0005 -0.649582 12.0027 199.739 18.4937 -13 69 1 0 1
130.589 -88.4281 5000 4.93354 -3.45312 200.009 37.3656 -13 69 1 0 1
-1.49461 -5.10154 -0.0005 -0.649582 12.0027 199.739 18.4559 -13 70 1 0 1
130.589 -88.4281 5000 4.93354 -3.45312 200.009 37.3277 -13 70 1 0 1
-1.49461 -5.10154 -0.0005 -0.649582 12.0027 199.739 19.4576 -13 71 1 0 1
130.589 -88.4281 5000 4.93354 -3.45312 200.009 38.3294 -13 71 1 0 1
-1.49461 -5.10154 -0.0005 -0.649582 12.0027 199.739 19.546 -13 72 1 0 1
130.589 -88.4281 5000 4.93354 -3.45312 200.009 38.4178 -13 72 1 0 1
-1.49461 -5.10154 -0.0005 -0.649582 12.0027 199.739 19.0845 -13 73 1 0 1
130.589 -88.4281 5000 4.93354 -3.45312 200.009 37.9564 -13 73 1 0 1
-1.49461 -5.10154 -0.0005 -0.649582 12.0027 199.739 19.5687 -13 74 1 0 1
130.589 -88.4281 5000 4.93354 -3.45312 200.009 38.4405 -13 74 1 0 1
-1.49461 -5.10154 -0.0005 -0.649582 12.0027 199.739 19.5722 -13 75 1 0 1
130.589 -88.4281 5000 4.93354 -3.45312 200.009 38.4441 -13 75 1 0 1
-1.49461 -5.10154 -0.0005 -0.649582 12.0027 199.739 18.7268 -13 76 1 0 1
130.589 -88.4281 5000 4.93354 -3.45312 200.009 37.5987 -13 76 1 0 1
-1.49461 -5.10154 -0.0005 -0.649582 12.0027 199.739 19.7446 -13 77 1 0 1
130.589 -88.4281 5000 4.93354 -3.45312 200.009 38.6165 -13 77 1 0 1
-1.49461 -5.10154 -0.0005 -0.649582 12.0027 199.739 17.2851 -13 78 1 0 1
130.589 -88.4281 5000 4.93354 -3.45312 200.009 36.157 -13 78 1 0 1
-1.49461 -5.10154 -0.0005 -0.649582 12.0027 199.739 17.6741 -13 79 1 0 1
130.589 -88.4281 5000 4.93354 -3.45312 200.009 36.546 -13 79 1 0 1
-1.49461 -5.10154 -0.0005 -0.649582 12.0027 199.739 20.453 -13 80 1 0 1
130.589 -88.4281 5000 4.93354 -3.45312 200.009 39.3249 -13 80 1 0 1
-1.49461 -5.10154 -0.0005 -0.649582 12.0027 199.739 19.1989 -13 81 1 0 1
130.589 -88.4281 5000 4.93354 -3.45312 200.009 38.0708 -13 81 1 0 1
-1.49461 -5.10154 -0.0005 -0.649582 12.0027 199.739 19.2597 -13 82 1 0 1
130.589 -88.4281 5000 4.93354 -3.45312 200.009 38.1315 -13 82 1 0 1
-1.49461 -5.10154 -0.0005 -0.649582 12.0027 199.739 19.4841 -13 83 1 0 1
130.589 -88.4281 5000 4.93354 -3.45312 200.009 38.3559 -13 83 1 0 1
-1.49461 -5.10154 -0.0005 -0.649582 12.0027 199.739 19.9685 -13 84 1 0 1
130.589 -88.4281 5000 4.93354 -3.45312 200.009 38.8403 -13 84 1 0 1
-1.49461 -5.10154 -0.0005 -0.649582 12.0027 199.739 20.5047 -13 85 1 0 1
130.589 -88.4281 5000 4.93354 -3.45312 200.009 39.3766 -13 85 1 0 1
-1.49461 -5.10154 -0.0005 -0.649582 12.0027 199.739 18.5102 -13 86 1 0 1
130.589 -88.4281 5000 4.93354 -3.45312 200.009 37.3821 -13 86 1 0 1
-1.49461 -5.10154 -0.0005 -0.649582 12.0027 199.739 18.7899 -13 87 1 0 1
130.589 -88.4281 5000 4.93354 -3.45312 200.009 37.6618 -13 87 1 0 1
-1.49461 -5.10154 -0.0005 -0.649582 12.0027 199.739 17.7716 -13 88 1 0 1
130.589 -88.4281 5000 4.93354 -3.45312 200.009 36.6435 -13 88 1 0 1
-1.49461 -5.10154 -0.0005 -0.649582 12.0027 199.739 18.5227 -13 89 1 0 1
130.589 -88.4281 5000 4.93354 -3.45312 200.009 37.3946 -13 89 1 0 1
-1.49461 -5.10154 -0.0005 -0.649582 12.0027 199.739 18.3463 -13 90 1 0 1
130.589 -88.4281 5000 4.93354 -3.45312 200.009 37.2181 -13 90 1 0 1
-1.49461 -5.10154 -0.0005 -0.649582 12.0027 199.739 19.7064 -13 91 1 0 1
130.589 -88.4281 5000 4.93354 -3.45312 200.009 38.5783 -13 91 1 0 1
-1.49461 -5.10154 -0.0005 -0.649582 12.0027 199.739 21.6589 -13 92 1 0 1
130.589 -88.4281 5000 4.93354 -3.45312 200.009 40.5308 -13 92 1 0 1
-1.49461 -5.10154 -0.0005 -0.649582 12.0027 199.739 17.9893 -13 93 1 0 1
130.589 -88.4281 5000 4.93354 -3.45312 200.009 36.8611 -13 93 1 0 1
-1.49461 -5.10154 -0.0005 -0.649582 12.0027 199.739 18.2122 -13 94 1 0 1
130.589 -88.4281 5000 4.93354 -3.45312 200.009 37.0841 -13 94 1 0 1
-1.49461 -5.10154 -0.0005 -0.649582 12.0027 199.739 20.5492 -13 95 1 0 1
130.589 -88.4281 5000 4.93354 -3.45312 200.009 39.421 -13 95 1 0 1
-1.49461 -5.10154 -0.0005 -0.649582 12.0027 199.739 20.1526 -13 96 1 0 1
130.589 -88.4281 5000 4.93354 -3.45312 200.009 39.0245 -13 96 1 0 1
-1.49461 -5.10154 -0.0005 -0.649582 12.0027 199.739 18.4672 -13 97 1 0 1
130.589 -88.4281 5000 4.93354 -3.45312 200.009 37.3391 -13 97 1 0 1
-1.49461 -5.10154 -0.0005 -0.649582 12.0027 199.739 19.4042 -13 98 1 0 1
130.589 -88.4281 5000 4.93354 -3.45312 200.009 38.2761 -13 98 1 0 1
-1.49461 -5.10154 -0.0005 -0.649582 12.0027 199.739 19.1755 -13 99 1 0 1
130.589 -88.4281 5000 4.93354 -3.45312 200.009 38.0473 -13 99 1 0 1
-1.49461 -5.10154 -0.0005 -0.649582 12.0027 199.739 20.4163 -13 100 1 0 1
130.589 -88.4281 5000 4.93354 -3.45312 200.009 39.2882 -13 100 1 0 1
