# AllTracks
#x y z Px Py Pz t PDGid EventID TrackID ParentID Weight Bx By Bz Ex Ey Ez
# Event -2 Track 1
0 0 -5000 0 0 200 0 -13 -2 1 0 1 0 0 0.00405065 0 0 0 
0 0 -5000 0 0 200 1.88625e-06 -13 -2 1 0 1 0 0 0.00405065 0 0 0 
0 0 -4900 0 0 200 0.377253 -13 -2 1 0 1 0 0 0.00430218 0 0 0 
0 0 -4800 0 0 200 0.754504 -13 -2 1 0 1 0 0 0.00457484 0 0 0 
0 0 -4700 0 0 200 1.13175 -13 -2 1 0 1 0 0 0.00487102 0 0 0 
0 0 -4600 0 0 200 1.50901 -13 -2 1 0 1 0 0 0.0051933 0 0 0 
0 0 -4500 0 0 200 1.88626 -13 -2 1 0 1 0 0 0.00554447 0 0 0 
0 0 -4400 0 0 200 2.26351 -13 -2 1 0 1 0 0 0.00592817 0 0 0 
0 0 -4300 0 0 200 2.64076 -13 -2 1 0 1 0 0 0.00634787 0 0 0 
0 0 -4200 0 0 200 3.01801 -13 -2 1 0 1 0 0 0.00680809 0 0 0 
0 0 -4100 0 0 200 3.39526 -13 -2 1 0 1 0 0 0.00731383 0 0 0 
0 0 -4000 0 0 200 3.77251 -13 -2 1 0 1 0 0 0.00787058 0 0 0 
0 0 -3900 0 0 200 4.14976 -13 -2 1 0 1 0 0 0.00848551 0 0 0 
0 0 -3800 0 0 200 4.52701 -13 -2 1 0 1 0 0 0.00916574 0 0 0 
0 0 -3700 0 0 200 4.90426 -13 -2 1 0 1 0 0 0.00992052 0 0 0 
0 0 -3600 0 0 200 5.28151 -13 -2 1 0 1 0 0 0.0107603 0 0 0 
0 0 -3500 0 0 200 5.65876 -13 -2 1 0 1 0 0 0.0116969 0 0 0 
0 0 -3400 0 0 200 6.03602 -13 -2 1 0 1 0 0 0.0127457 0 0 0 
0 0 -3300 0 0 200 6.41327 -13 -2 1 0 1 0 0 0.0139226 0 0 0 
0 0 -3200 0 0 200 6.79052 -13 -2 1 0 1 0 0 0.0152487 0 0 0 
0 0 -3100 0 0 200 7.16777 -13 -2 1 0 1 0 0 0.016748 0 0 0 
0 0 -3000 0 0 200 7.54502 -13 -2 1 0 1 0 0 0.0184486 0 0 0 
0 0 -2900 0 0 200 7.92227 -13 -2 1 0 1 0 0 0.0203878 0 0 0 
0 0 -2800 0 0 200 8.29952 -13 -2 1 0 1 0 0 0.0226058 0 0 0 
0 0 -2700 0 0 200 8.67677 -13 -2 1 0 1 0 0 0.025156 0 0 0 
0 0 -2600 0 0 200 9.05402 -13 -2 1 0 1 0 0 0.0281025 0 0 0 
0 0 -2500 0 0 200 9.43127 -13 -2 1 0 1 0 0 0.0315222 0 0 0 
0 0 -2400 0 0 200 9.80852 -13 -2 1 0 1 0 0 0.0355195 0 0 0 
0 0 -2300 0 0 200 10.1858 -13 -2 1 0 1 0 0 0.0402131 0 0 0 
0 0 -2200 0 0 200 10.563 -13 -2 1 0 1 0 0 0.0457643 0 0 0 
0 0 -2100 0 0 200 10.9403 -13 -2 1 0 1 0 0 0.0523762 0 0 0 
0 0 -2000 0 0 200 11.3175 -13 -2 1 0 1 0 0 0.060304 0 0 0 
0 0 -1900 0 0 200 11.6948 -13 -2 1 0 1 0 0 0.0699058 0 0 0 
0 0 -1800 0 0 200 12.072 -13 -2 1 0 1 0 0 0.0816178 0 0 0 
0 0 -1700 0 0 200 12.4493 -13 -2 1 0 1 0 0 0.0960561 0 0 0 
0 0 -1600 0 0 200 12.8265 -13 -2 1 0 1 0 0 0.114046 0 0 0 
0 0 -1500 0 0 200 13.2038 -13 -2 1 0 1 0 0 0.136693 0 0 0 
0 0 -1400 0 0 200 13.581 -13 -2 1 0 1 0 0 0.165636 0 0 0 
0 0 -1300 0 0 200 13.9583 -13 -2 1 0 1 0 0 0.203046 0 0 0 
0 0 -1200 0 0 200 14.3355 -13 -2 1 0 1 0 0 0.252185 0 0 0 
0 0 -1100 0 0 200 14.7128 -13 -2 1 0 1 0 0 0.317777 0 0 0 
0 0 -999.999 0 0 200 15.09 -13 -2 1 0 1 0 0 0.406679 0 0 0 
0 0 -899.999 0 0 200 15.4673 -13 -2 1 0 1 0 0 0.52967 0 0 0 
0 0 -799.999 0 0 200 15.8445 -13 -2 1 0 1 0 0 0.702103 0 0 0 
0 0 -699.999 0 0 200 16.2218 -13 -2 1 0 1 0 0 0.947442 0 0 0 
0 0 -599.999 0 0 200 16.599 -13 -2 1 0 1 0 0 1.29843 0 0 0 
0 0 -499.999 0 0 200 16.9763 -13 -2 1 0 1 0 0 1.79432 0 0 0 
0 0 -399.999 0 0 200 17.3535 -13 -2 1 0 1 0 0 2.46894 0 0 0 
0 0 -299.999 0 0 200 17.7308 -13 -2 1 0 1 0 0 3.30385 0 0 0 
0 0 -199.999 0 0 200 18.108 -13 -2 1 0 1 0 0 4.17713 0 0 0 
0 0 -99.9995 0 0 200 18.4853 -13 -2 1 0 1 0 0 4.85727 0 0 0 
0 0 -0.0005 0 0 200 18.8625 -13 -2 1 0 1 0 0 5.11678 0 0 0 
0 0 0.0005 0 0 200 18.8625 -13 -2 1 0 1 0 0 5.11678 0 0 0 
0 0 100.001 0 0 200 19.2398 -13 -2 1 0 1 0 0 4.85726 0 0 0 
0 0 200 0 0 200 19.617 -13 -2 1 0 1 0 0 4.17712 0 0 0 
0 0 300 0 0 200 19.9943 -13 -2 1 0 1 0 0 3.30384 0 0 0 
0 0 400 0 0 200 20.3715 -13 -2 1 0 1 0 0 2.46894 0 0 0 
0 0 500 0 0 200 20.7488 -13 -2 1 0 1 0 0 1.79432 0 0 0 
0 0 600 0 0 200 21.126 -13 -2 1 0 1 0 0 1.29843 0 0 0 
0 0 700 0 0 200 21.5033 -13 -2 1 0 1 0 0 0.947439 0 0 0 
0 0 800 0 0 200 21.8806 -13 -2 1 0 1 0 0 0.702101 0 0 0 
0 0 900 0 0 200 22.2578 -13 -2 1 0 1 0 0 0.529669 0 0 0 
0 0 1000 0 0 200 22.6351 -13 -2 1 0 1 0 0 0.406678 0 0 0 
0 0 1100 0 0 200 23.0123 -13 -2 1 0 1 0 0 0.317776 0 0 0 
0 0 1200 0 0 200 23.3896 -13 -2 1 0 1 0 0 0.252185 0 0 0 
0 0 1300 0 0 200 23.7668 -13 -2 1 0 1 0 0 0.203046 0 0 0 
0 0 1400 0 0 200 24.1441 -13 -2 1 0 1 0 0 0.165636 0 0 0 
0 0 1500 0 0 200 24.5213 -13 -2 1 0 1 0 0 0.136693 0 0 0 
0 0 1600 0 0 200 24.8986 -13 -2 1 0 1 0 0 0.114046 0 0 0 
0 0 1700 0 0 200 25.2758 -13 -2 1 0 1 0 0 0.0960559 0 0 0 
0 0 1800 0 0 200 25.6531 -13 -2 1 0 1 0 0 0.0816176 0 0 0 
0 0 1900 0 0 200 26.0303 -13 -2 1 0 1 0 0 0.0699057 0 0 0 
0 0 2000 0 0 200 26.4076 -13 -2 1 0 1 0 0 0.0603039 0 0 0 
0 0 2100 0 0 200 26.7848 -13 -2 1 0 1 0 0 0.0523761 0 0 0 
0 0 2200 0 0 200 27.1621 -13 -2 1 0 1 0 0 0.0457642 0 0 0 
0 0 2300 0 0 200 27.5393 -13 -2 1 0 1 0 0 0.040213 0 0 0 
0 0 2400 0 0 200 27.9166 -13 -2 1 0 1 0 0 0.0355195 0 0 0 
0 0 2500 0 0 200 28.2938 -13 -2 1 0 1 0 0 0.0315222 0 0 0 
0 0 2600 0 0 200 28.6711 -13 -2 1 0 1 0 0 0.0281025 0 0 0 
0 0 2700 0 0 200 29.0483 -13 -2 1 0 1 0 0 0.025156 0 0 0 
0 0 2800 0 0 200 29.4256 -13 -2 1 0 1 0 0 0.0226058 0 0 0 
0 0 2900 0 0 200 29.8028 -13 -2 1 0 1 0 0 0.0203878 0 0 0 
0 0 3000 0 0 200 30.1801 -13 -2 1 0 1 0 0 0.0184485 0 0 0 
0 0 3100 0 0 200 30.5573 -13 -2 1 0 1 0 0 0.0167479 0 0 0 
0 0 3200 0 0 200 30.9346 -13 -2 1 0 1 0 0 0.0152486 0 0 0 
0 0 3300 0 0 200 31.3118 -13 -2 1 0 1 0 0 0.0139226 0 0 0 
0 0 3400 0 0 200 31.6891 -13 -2 1 0 1 0 0 0.0127457 0 0 0 
0 0 3500 0 0 200 32.0663 -13 -2 1 0 1 0 0 0.0116969 0 0 0 
0 0 3600 0 0 200 32.4436 -13 -2 1 0 1 0 0 0.0107603 0 0 0 
0 0 3700 0 0 200 32.8208 -13 -2 1 0 1 0 0 0.00992051 0 0 0 
0 0 3800 0 0 200 33.1981 -13 -2 1 0 1 0 0 0.00916574 0 0 0 
0 0 3900 0 0 200 33.5753 -13 -2 1 0 1 0 0 0.00848551 0 0 0 
0 0 4000 0 0 200 33.9526 -13 -2 1 0 1 0 0 0.00787057 0 0 0 
0 0 4100 0 0 200 34.3298 -13 -2 1 0 1 0 0 0.00731382 0 0 0 
0 0 4200 0 0 200 34.7071 -13 -2 1 0 1 0 0 0.00680808 0 0 0 
0 0 4300 0 0 200 35.0843 -13 -2 1 0 1 0 0 0.00634786 0 0 0 
0 0 4400 0 0 200 35.4616 -13 -2 1 0 1 0 0 0.00592816 0 0 0 
0 0 4500 0 0 200 35.8388 -13 -2 1 0 1 0 0 0.00554447 0 0 0 
0 0 4600 0 0 200 36.2161 -13 -2 1 0 1 0 0 0.0051933 0 0 0 
0 0 4700 0 0 200 36.5933 -13 -2 1 0 1 0 0 0.00487101 0 0 0 
0 0 4800 0 0 200 36.9706 -13 -2 1 0 1 0 0 0.00457484 0 0 0 
0 0 4900 0 0 200 37.3478 -13 -2 1 0 1 0 0 0.00430218 0 0 0 
0 0 5000 0 0 200 37.7251 -13 -2 1 0 1 0 0 0.00405065 0 0 0 
0 0 5000 0 0 200 37.7251 -13 -2 1 0 1 0 0 0.00405065 0 0 0 
0 0 5100 0 0 200 38.1023 -13 -2 1 0 1 0 0 0.00381843 0 0 0 
0 0 5200 0 0 200 38.4796 -13 -2 1 0 1 0 0 0.00360355 0 0 0 
0 0 5300 0 0 200 38.8568 -13 -2 1 0 1 0 0 0.00340448 0 0 0 
0 0 5400 0 0 200 39.2341 -13 -2 1 0 1 0 0 0.0032198 0 0 0 
0 0 5500 0 0 200 39.6113 -13 -2 1 0 1 0 0 0.00304818 0 0 0 
0 0 5600 0 0 200 39.9886 -13 -2 1 0 1 0 0 0.00288859 0 0 0 
0 0 5700 0 0 200 40.3658 -13 -2 1 0 1 0 0 0.0027399 0 0 0 
0 0 5800 0 0 200 40.7431 -13 -2 1 0 1 0 0 0.00260124 0 0 0 
0 0 5900 0 0 200 41.1203 -13 -2 1 0 1 0 0 0.00247178 0 0 0 
0 0 6000 0 0 200 41.4976 -13 -2 1 0 1 0 0 0.00235073 0 0 0 
0 0 6100 0 0 200 41.8748 -13 -2 1 0 1 0 0 0.00223749 0 0 0 
0 0 6200 0 0 200 42.2521 -13 -2 1 0 1 0 0 0.00213137 0 0 0 
0 0 6300 0 0 200 42.6293 -13 -2 1 0 1 0 0 0.00203187 0 0 0 
0 0 6400 0 0 200 43.0066 -13 -2 1 0 1 0 0 0.00193846 0 0 0 
0 0 6500 0 0 200 43.3839 -13 -2 1 0 1 0 0 0.00185066 0 0 0 
0 0 6600 0 0 200 43.7611 -13 -2 1 0 1 0 0 0.00176811 0 0 0 
0 0 6700 0 0 200 44.1384 -13 -2 1 0 1 0 0 0.00169038 0 0 0 
0 0 6800 0 0 200 44.5156 -13 -2 1 0 1 0 0 0.00161713 0 0 0 
0 0 6900 0 0 200 44.8929 -13 -2 1 0 1 0 0 0.00154806 0 0 0 
0 0 7000 0 0 200 45.2701 -13 -2 1 0 1 0 0 0.00148285 0 0 0 
0 0 7100 0 0 200 45.6474 -13 -2 1 0 1 0 0 0.00142127 0 0 0 
0 0 7200 0 0 200 46.0246 -13 -2 1 0 1 0 0 0.00136304 0 0 0 
0 0 7300 0 0 200 46.4019 -13 -2 1 0 1 0 0 0.00130795 0 0 0 
0 0 7400 0 0 200 46.7791 -13 -2 1 0 1 0 0 0.00125578 0 0 0 
0 0 7500 0 0 200 47.1564 -13 -2 1 0 1 0 0 0.00120634 0 0 0 
0 0 7600 0 0 200 47.5336 -13 -2 1 0 1 0 0 0.00115948 0 0 0 
0 0 7700 0 0 200 47.9109 -13 -2 1 0 1 0 0 0.001115 0 0 0 
0 0 7800 0 0 200 48.2881 -13 -2 1 0 1 0 0 0.00107277 0 0 0 
0 0 7900 0 0 200 48.6654 -13 -2 1 0 1 0 0 0.00103265 0 0 0 
0 0 8000 0 0 200 49.0426 -13 -2 1 0 1 0 0 0.000994489 0 0 0 
0 0 8100 0 0 200 49.4199 -13 -2 1 0 1 0 0 0.000958199 0 0 0 
0 0 8200 0 0 200 49.7971 -13 -2 1 0 1 0 0 0.000923645 0 0 0 
0 0 8300 0 0 200 50.1744 -13 -2 1 0 1 0 0 0.000890734 0 0 0 
0 0 8400 0 0 200 50.5516 -13 -2 1 0 1 0 0 0.000859369 0 0 0 
0 0 8500 0 0 200 50.9289 -13 -2 1 0 1 0 0 0.000829453 0 0 0 
0 0 8600 0 0 200 51.3061 -13 -2 1 0 1 0 0 0.000800916 0 0 0 
0 0 8700 0 0 200 51.6834 -13 -2 1 0 1 0 0 0.000773668 0 0 0 
0 0 8800 0 0 200 52.0606 -13 -2 1 0 1 0 0 0.000747643 0 0 0 
0 0 8900 0 0 200 52.4379 -13 -2 1 0 1 0 0 0.000722773 0 0 0 
0 0 9000 0 0 200 52.8151 -13 -2 1 0 1 0 0 0.000698989 0 0 0 
0 0 9100 0 0 200 53.1924 -13 -2 1 0 1 0 0 0.000676242 0 0 0 
0 0 9200 0 0 200 53.5696 -13 -2 1 0 1 0 0 0.000654468 0 0 0 
0 0 9300 0 0 200 53.9469 -13 -2 1 0 1 0 0 0.000633619 0 0 0 
0 0 9400 0 0 200 54.3241 -13 -2 1 0 1 0 0 0.000613647 0 0 0 
0 0 9500 0 0 200 54.7014 -13 -2 1 0 1 0 0 0.000594502 0 0 0 
0 0 9600 0 0 200 55.0786 -13 -2 1 0 1 0 0 0.000576149 0 0 0 
0 0 9700 0 0 200 55.4559 -13 -2 1 0 1 0 0 0.000558541 0 0 0 
0 0 9800 0 0 200 55.8331 -13 -2 1 0 1 0 0 0.000541644 0 0 0 
0 0 9900 0 0 200 56.2104 -13 -2 1 0 1 0 0 0.000525421 0 0 0 
0 0 10000 0 0 200 56.5876 -13 -2 1 0 1 0 0 0.000509838 0 0 0 
0 0 10000 0 0 200 56.5876 -13 -2 1 0 1 0 0 0.000509838 0 0 0 
0 0 10100 0 0 200 56.9649 -13 -2 1 0 1 0 0 0.000494868 0 0 0 
0 0 10200 0 0 200 57.3421 -13 -2 1 0 1 0 0 0.000480475 0 0 0 
0 0 10300 0 0 200 57.7194 -13 -2 1 0 1 0 0 0.000466636 0 0 0 
0 0 10300.7 0 0 200 57.7219 -13 -2 1 0 1 0 0 0.000466544 0 0 0 

# Event -1 Track 1
0 0 -5000 0 0 200 0 -13 -1 1 0 1 0 0 0.00405065 0 0 0 
0 0 -5000 0 0 200 1.88625e-06 -13 -1 1 0 1 0 0 0.00405065 0 0 0 
0 0 -4900 0 0 200 0.377253 -13 -1 1 0 1 0 0 0.00430218 0 0 0 
0 0 -4800 0 0 200 0.754504 -13 -1 1 0 1 0 0 0.00457484 0 0 0 
0 0 -4700 0 0 200 1.13175 -13 -1 1 0 1 0 0 0.00487102 0 0 0 
0 0 -4600 0 0 200 1.50901 -13 -1 1 0 1 0 0 0.0051933 0 0 0 
0 0 -4500 0 0 200 1.88626 -13 -1 1 0 1 0 0 0.00554447 0 0 0 
0 0 -4400 0 0 200 2.26351 -13 -1 1 0 1 0 0 0.00592817 0 0 0 
0 0 -4300 0 0 200 2.64076 -13 -1 1 0 1 0 0 0.00634787 0 0 0 
0 0 -4200 0 0 200 3.01801 -13 -1 1 0 1 0 0 0.00680809 0 0 0 
0 0 -4100 0 0 200 3.39526 -13 -1 1 0 1 0 0 0.00731383 0 0 0 
0 0 -4000 0 0 200 3.77251 -13 -1 1 0 1 0 0 0.00787058 0 0 0 
0 0 -3900 0 0 200 4.14976 -13 -1 1 0 1 0 0 0.00848551 0 0 0 
0 0 -3800 0 0 200 4.52701 -13 -1 1 0 1 0 0 0.00916574 0 0 0 
0 0 -3700 0 0 200 4.90426 -13 -1 1 0 1 0 0 0.00992052 0 0 0 
0 0 -3600 0 0 200 5.28151 -13 -1 1 0 1 0 0 0.0107603 0 0 0 
0 0 -3500 0 0 200 5.65876 -13 -1 1 0 1 0 0 0.0116969 0 0 0 
0 0 -3400 0 0 200 6.03602 -13 -1 1 0 1 0 0 0.0127457 0 0 0 
0 0 -3300 0 0 200 6.41327 -13 -1 1 0 1 0 0 0.0139226 0 0 0 
0 0 -3200 0 0 200 6.79052 -13 -1 1 0 1 0 0 0.0152487 0 0 0 
0 0 -3100 0 0 200 7.16777 -13 -1 1 0 1 0 0 0.016748 0 0 0 
0 0 -3000 0 0 200 7.54502 -13 -1 1 0 1 0 0 0.0184486 0 0 0 
0 0 -2900 0 0 200 7.92227 -13 -1 1 0 1 0 0 0.0203878 0 0 0 
0 0 -2800 0 0 200 8.29952 -13 -1 1 0 1 0 0 0.0226058 0 0 0 
0 0 -2700 0 0 200 8.67677 -13 -1 1 0 1 0 0 0.025156 0 0 0 
0 0 -2600 0 0 200 9.05402 -13 -1 1 0 1 0 0 0.0281025 0 0 0 
0 0 -2500 0 0 200 9.43127 -13 -1 1 0 1 0 0 0.0315222 0 0 0 
0 0 -2400 0 0 200 9.80852 -13 -1 1 0 1 0 0 0.0355195 0 0 0 
0 0 -2300 0 0 200 10.1858 -13 -1 1 0 1 0 0 0.0402131 0 0 0 
0 0 -2200 0 0 200 10.563 -13 -1 1 0 1 0 0 0.0457643 0 0 0 
0 0 -2100 0 0 200 10.9403 -13 -1 1 0 1 0 0 0.0523762 0 0 0 
0 0 -2000 0 0 200 11.3175 -13 -1 1 0 1 0 0 0.060304 0 0 0 
0 0 -1900 0 0 200 11.6948 -13 -1 1 0 1 0 0 0.0699058 0 0 0 
0 0 -1800 0 0 200 12.072 -13 -1 1 0 1 0 0 0.0816178 0 0 0 
0 0 -1700 0 0 200 12.4493 -13 -1 1 0 1 0 0 0.0960561 0 0 0 
0 0 -1600 0 0 200 12.8265 -13 -1 1 0 1 0 0 0.114046 0 0 0 
0 0 -1500 0 0 200 13.2038 -13 -1 1 0 1 0 0 0.136693 0 0 0 
0 0 -1400 0 0 200 13.581 -13 -1 1 0 1 0 0 0.165636 0 0 0 
0 0 -1300 0 0 200 13.9583 -13 -1 1 0 1 0 0 0.203046 0 0 0 
0 0 -1200 0 0 200 14.3355 -13 -1 1 0 1 0 0 0.252185 0 0 0 
0 0 -1100 0 0 200 14.7128 -13 -1 1 0 1 0 0 0.317777 0 0 0 
0 0 -999.999 0 0 200 15.09 -13 -1 1 0 1 0 0 0.406679 0 0 0 
0 0 -899.999 0 0 200 15.4673 -13 -1 1 0 1 0 0 0.52967 0 0 0 
0 0 -799.999 0 0 200 15.8445 -13 -1 1 0 1 0 0 0.702103 0 0 0 
0 0 -699.999 0 0 200 16.2218 -13 -1 1 0 1 0 0 0.947442 0 0 0 
0 0 -599.999 0 0 200 16.599 -13 -1 1 0 1 0 0 1.29843 0 0 0 
0 0 -499.999 0 0 200 16.9763 -13 -1 1 0 1 0 0 1.79432 0 0 0 
0 0 -399.999 0 0 200 17.3535 -13 -1 1 0 1 0 0 2.46894 0 0 0 
0 0 -299.999 0 0 200 17.7308 -13 -1 1 0 1 0 0 3.30385 0 0 0 
0 0 -199.999 0 0 200 18.108 -13 -1 1 0 1 0 0 4.17713 0 0 0 
0 0 -99.9995 0 0 200 18.4853 -13 -1 1 0 1 0 0 4.85727 0 0 0 
0 0 -0.0005 0 0 200 18.8625 -13 -1 1 0 1 0 0 5.11678 0 0 0 
0 0 0.0005 0 0 200 18.8625 -13 -1 1 0 1 0 0 5.11678 0 0 0 
0 0 100.001 0 0 200 19.2398 -13 -1 1 0 1 0 0 4.85726 0 0 0 
0 0 200 0 0 200 19.617 -13 -1 1 0 1 0 0 4.17712 0 0 0 
0 0 300 0 0 200 19.9943 -13 -1 1 0 1 0 0 3.30384 0 0 0 
0 0 400 0 0 200 20.3715 -13 -1 1 0 1 0 0 2.46894 0 0 0 
0 0 500 0 0 200 20.7488 -13 -1 1 0 1 0 0 1.79432 0 0 0 
0 0 600 0 0 200 21.126 -13 -1 1 0 1 0 0 1.29843 0 0 0 
0 0 700 0 0 200 21.5033 -13 -1 1 0 1 0 0 0.947439 0 0 0 
0 0 800 0 0 200 21.8806 -13 -1 1 0 1 0 0 0.702101 0 0 0 
0 0 900 0 0 200 22.2578 -13 -1 1 0 1 0 0 0.529669 0 0 0 
0 0 1000 0 0 200 22.6351 -13 -1 1 0 1 0 0 0.406678 0 0 0 
0 0 1100 0 0 200 23.0123 -13 -1 1 0 1 0 0 0.317776 0 0 0 
0 0 1200 0 0 200 23.3896 -13 -1 1 0 1 0 0 0.252185 0 0 0 
0 0 1300 0 0 200 23.7668 -13 -1 1 0 1 0 0 0.203046 0 0 0 
0 0 1400 0 0 200 24.1441 -13 -1 1 0 1 0 0 0.165636 0 0 0 
0 0 1500 0 0 200 24.5213 -13 -1 1 0 1 0 0 0.136693 0 0 0 
0 0 1600 0 0 200 24.8986 -13 -1 1 0 1 0 0 0.114046 0 0 0 
0 0 1700 0 0 200 25.2758 -13 -1 1 0 1 0 0 0.0960559 0 0 0 
0 0 1800 0 0 200 25.6531 -13 -1 1 0 1 0 0 0.0816176 0 0 0 
0 0 1900 0 0 200 26.0303 -13 -1 1 0 1 0 0 0.0699057 0 0 0 
0 0 2000 0 0 200 26.4076 -13 -1 1 0 1 0 0 0.0603039 0 0 0 
0 0 2100 0 0 200 26.7848 -13 -1 1 0 1 0 0 0.0523761 0 0 0 
0 0 2200 0 0 200 27.1621 -13 -1 1 0 1 0 0 0.0457642 0 0 0 
0 0 2300 0 0 200 27.5393 -13 -1 1 0 1 0 0 0.040213 0 0 0 
0 0 2400 0 0 200 27.9166 -13 -1 1 0 1 0 0 0.0355195 0 0 0 
0 0 2500 0 0 200 28.2938 -13 -1 1 0 1 0 0 0.0315222 0 0 0 
0 0 2600 0 0 200 28.6711 -13 -1 1 0 1 0 0 0.0281025 0 0 0 
0 0 2700 0 0 200 29.0483 -13 -1 1 0 1 0 0 0.025156 0 0 0 
0 0 2800 0 0 200 29.4256 -13 -1 1 0 1 0 0 0.0226058 0 0 0 
0 0 2900 0 0 200 29.8028 -13 -1 1 0 1 0 0 0.0203878 0 0 0 
0 0 3000 0 0 200 30.1801 -13 -1 1 0 1 0 0 0.0184485 0 0 0 
0 0 3100 0 0 200 30.5573 -13 -1 1 0 1 0 0 0.0167479 0 0 0 
0 0 3200 0 0 200 30.9346 -13 -1 1 0 1 0 0 0.0152486 0 0 0 
0 0 3300 0 0 200 31.3118 -13 -1 1 0 1 0 0 0.0139226 0 0 0 
0 0 3400 0 0 200 31.6891 -13 -1 1 0 1 0 0 0.0127457 0 0 0 
0 0 3500 0 0 200 32.0663 -13 -1 1 0 1 0 0 0.0116969 0 0 0 
0 0 3600 0 0 200 32.4436 -13 -1 1 0 1 0 0 0.0107603 0 0 0 
0 0 3700 0 0 200 32.8208 -13 -1 1 0 1 0 0 0.00992051 0 0 0 
0 0 3800 0 0 200 33.1981 -13 -1 1 0 1 0 0 0.00916574 0 0 0 
0 0 3900 0 0 200 33.5753 -13 -1 1 0 1 0 0 0.00848551 0 0 0 
0 0 4000 0 0 200 33.9526 -13 -1 1 0 1 0 0 0.00787057 0 0 0 
0 0 4100 0 0 200 34.3298 -13 -1 1 0 1 0 0 0.00731382 0 0 0 
0 0 4200 0 0 200 34.7071 -13 -1 1 0 1 0 0 0.00680808 0 0 0 
0 0 4300 0 0 200 35.0843 -13 -1 1 0 1 0 0 0.00634786 0 0 0 
0 0 4400 0 0 200 35.4616 -13 -1 1 0 1 0 0 0.00592816 0 0 0 
0 0 4500 0 0 200 35.8388 -13 -1 1 0 1 0 0 0.00554447 0 0 0 
0 0 4600 0 0 200 36.2161 -13 -1 1 0 1 0 0 0.0051933 0 0 0 
0 0 4700 0 0 200 36.5933 -13 -1 1 0 1 0 0 0.00487101 0 0 0 
0 0 4800 0 0 200 36.9706 -13 -1 1 0 1 0 0 0.00457484 0 0 0 
0 0 4900 0 0 200 37.3478 -13 -1 1 0 1 0 0 0.00430218 0 0 0 
0 0 5000 0 0 200 37.7251 -13 -1 1 0 1 0 0 0.00405065 0 0 0 
0 0 5000 0 0 200 37.7251 -13 -1 1 0 1 0 0 0.00405065 0 0 0 
0 0 5100 0 0 200 38.1023 -13 -1 1 0 1 0 0 0.00381843 0 0 0 
0 0 5200 0 0 200 38.4796 -13 -1 1 0 1 0 0 0.00360355 0 0 0 
0 0 5300 0 0 200 38.8568 -13 -1 1 0 1 0 0 0.00340448 0 0 0 
0 0 5400 0 0 200 39.2341 -13 -1 1 0 1 0 0 0.0032198 0 0 0 
0 0 5500 0 0 200 39.6113 -13 -1 1 0 1 0 0 0.00304818 0 0 0 
0 0 5600 0 0 200 39.9886 -13 -1 1 0 1 0 0 0.00288859 0 0 0 
0 0 5700 0 0 200 40.3658 -13 -1 1 0 1 0 0 0.0027399 0 0 0 
0 0 5800 0 0 200 40.7431 -13 -1 1 0 1 0 0 0.00260124 0 0 0 
0 0 5900 0 0 200 41.1203 -13 -1 1 0 1 0 0 0.00247178 0 0 0 
0 0 6000 0 0 200 41.4976 -13 -1 1 0 1 0 0 0.00235073 0 0 0 
0 0 6100 0 0 200 41.8748 -13 -1 1 0 1 0 0 0.00223749 0 0 0 
0 0 6200 0 0 200 42.2521 -13 -1 1 0 1 0 0 0.00213137 0 0 0 
0 0 6300 0 0 200 42.6293 -13 -1 1 0 1 0 0 0.00203187 0 0 0 
0 0 6400 0 0 200 43.0066 -13 -1 1 0 1 0 0 0.00193846 0 0 0 
0 0 6500 0 0 200 43.3839 -13 -1 1 0 1 0 0 0.00185066 0 0 0 
0 0 6600 0 0 200 43.7611 -13 -1 1 0 1 0 0 0.00176811 0 0 0 
0 0 6700 0 0 200 44.1384 -13 -1 1 0 1 0 0 0.00169038 0 0 0 
0 0 6800 0 0 200 44.5156 -13 -1 1 0 1 0 0 0.00161713 0 0 0 
0 0 6900 0 0 200 44.8929 -13 -1 1 0 1 0 0 0.00154806 0 0 0 
0 0 7000 0 0 200 45.2701 -13 -1 1 0 1 0 0 0.00148285 0 0 0 
0 0 7100 0 0 200 45.6474 -13 -1 1 0 1 0 0 0.00142127 0 0 0 
0 0 7200 0 0 200 46.0246 -13 -1 1 0 1 0 0 0.00136304 0 0 0 
0 0 7300 0 0 200 46.4019 -13 -1 1 0 1 0 0 0.00130795 0 0 0 
0 0 7400 0 0 200 46.7791 -13 -1 1 0 1 0 0 0.00125578 0 0 0 
0 0 7500 0 0 200 47.1564 -13 -1 1 0 1 0 0 0.00120634 0 0 0 
0 0 7600 0 0 200 47.5336 -13 -1 1 0 1 0 0 0.00115948 0 0 0 
0 0 7700 0 0 200 47.9109 -13 -1 1 0 1 0 0 0.001115 0 0 0 
0 0 7800 0 0 200 48.2881 -13 -1 1 0 1 0 0 0.00107277 0 0 0 
0 0 7900 0 0 200 48.6654 -13 -1 1 0 1 0 0 0.00103265 0 0 0 
0 0 8000 0 0 200 49.0426 -13 -1 1 0 1 0 0 0.000994489 0 0 0 
0 0 8100 0 0 200 49.4199 -13 -1 1 0 1 0 0 0.000958199 0 0 0 
0 0 8200 0 0 200 49.7971 -13 -1 1 0 1 0 0 0.000923645 0 0 0 
0 0 8300 0 0 200 50.1744 -13 -1 1 0 1 0 0 0.000890734 0 0 0 
0 0 8400 0 0 200 50.5516 -13 -1 1 0 1 0 0 0.000859369 0 0 0 
0 0 8500 0 0 200 50.9289 -13 -1 1 0 1 0 0 0.000829453 0 0 0 
0 0 8600 0 0 200 51.3061 -13 -1 1 0 1 0 0 0.000800916 0 0 0 
0 0 8700 0 0 200 51.6834 -13 -1 1 0 1 0 0 0.000773668 0 0 0 
0 0 8800 0 0 200 52.0606 -13 -1 1 0 1 0 0 0.000747643 0 0 0 
0 0 8900 0 0 200 52.4379 -13 -1 1 0 1 0 0 0.000722773 0 0 0 
0 0 9000 0 0 200 52.8151 -13 -1 1 0 1 0 0 0.000698989 0 0 0 
0 0 9100 0 0 200 53.1924 -13 -1 1 0 1 0 0 0.000676242 0 0 0 
0 0 9200 0 0 200 53.5696 -13 -1 1 0 1 0 0 0.000654468 0 0 0 
0 0 9300 0 0 200 53.9469 -13 -1 1 0 1 0 0 0.000633619 0 0 0 
0 0 9400 0 0 200 54.3241 -13 -1 1 0 1 0 0 0.000613647 0 0 0 
0 0 9500 0 0 200 54.7014 -13 -1 1 0 1 0 0 0.000594502 0 0 0 
0 0 9600 0 0 200 55.0786 -13 -1 1 0 1 0 0 0.000576149 0 0 0 
0 0 9700 0 0 200 55.4559 -13 -1 1 0 1 0 0 0.000558541 0 0 0 
0 0 9800 0 0 200 55.8331 -13 -1 1 0 1 0 0 0.000541644 0 0 0 
0 0 9900 0 0 200 56.2104 -13 -1 1 0 1 0 0 0.000525421 0 0 0 
0 0 10000 0 0 200 56.5876 -13 -1 1 0 1 0 0 0.000509838 0 0 0 
0 0 10000 0 0 200 56.5876 -13 -1 1 0 1 0 0 0.000509838 0 0 0 
0 0 10100 0 0 200 56.9649 -13 -1 1 0 1 0 0 0.000494868 0 0 0 
0 0 10200 0 0 200 57.3421 -13 -1 1 0 1 0 0 0.000480475 0 0 0 
0 0 10300 0 0 200 57.7194 -13 -1 1 0 1 0 0 0.000466636 0 0 0 
0 0 10300.7 0 0 200 57.7219 -13 -1 1 0 1 0 0 0.000466544 0 0 0 

# Event 1 Track 1
-5.11703 -0.107102 -5000 0 0 200 0.0870076 -13 1 1 0 1 6.17989e-06 1.29348e-07 0.00405061 0 0 0 
-5.11703 -0.107102 -5000 -1.93888e-11 9.26342e-10 200 0.0870095 -13 1 1 0 1 6.17989e-06 1.29348e-07 0.00405062 0 0 0 
-5.11703 -0.107054 -4900 -3.97625e-06 0.000192878 200 0.46426 -13 1 1 0 1 6.69593e-06 1.40087e-07 0.00430214 0 0 0 
-5.11703 -0.106906 -4800 -8.15156e-06 0.000402029 200 0.841511 -13 1 1 0 1 7.26665e-06 1.51817e-07 0.00457479 0 0 0 
-5.11704 -0.106649 -4700 -1.25277e-05 0.000629206 200 1.21876 -13 1 1 0 1 7.89944e-06 1.6464e-07 0.00487096 0 0 0 
-5.11704 -0.106274 -4600 -1.71033e-05 0.000876387 200 1.59601 -13 1 1 0 1 8.60257e-06 1.78663e-07 0.00519324 0 0 0 
-5.11705 -0.105769 -4500 -2.18729e-05 0.00114582 200 1.97326 -13 1 1 0 1 9.38519e-06 1.93992e-07 0.0055444 0 0 0 
-5.11706 -0.105124 -4400 -2.68256e-05 0.00144007 200 2.35051 -13 1 1 0 1 1.02593e-05 2.10764e-07 0.00592809 0 0 0 
-5.11708 -0.104325 -4300 -3.19431e-05 0.00176203 200 2.72777 -13 1 1 0 1 1.12368e-05 2.29091e-07 0.00634779 0 0 0 
-5.1171 -0.103357 -4200 -3.71971e-05 0.00211506 200 3.10502 -13 1 1 0 1 1.23335e-05 2.49116e-07 0.006808 0 0 0 
-5.11712 -0.102204 -4100 -4.25466e-05 0.00250297 200 3.48227 -13 1 1 0 1 1.35671e-05 2.70974e-07 0.00731373 0 0 0 
-5.11714 -0.100847 -4000 -4.79333e-05 0.00293018 200 3.85952 -13 1 1 0 1 1.49577e-05 2.94782e-07 0.00787046 0 0 0 
-5.11716 -0.0992661 -3900 -5.32765e-05 0.00340177 200 4.23677 -13 1 1 0 1 1.65318e-05 3.20695e-07 0.00848538 0 0 0 
-5.11719 -0.097437 -3800 -5.84652e-05 0.00392364 200 4.61402 -13 1 1 0 1 1.8317e-05 3.48776e-07 0.00916559 0 0 0 
-5.11722 -0.095333 -3700 -6.33495e-05 0.00450265 200 4.99127 -13 1 1 0 1 2.03493e-05 3.79103e-07 0.00992035 0 0 0 
-5.11726 -0.0929235 -3600 -6.77268e-05 0.00514682 200 5.36852 -13 1 1 0 1 2.26707e-05 4.11674e-07 0.0107601 0 0 0 
-5.11729 -0.0901737 -3500 -7.13258e-05 0.00586554 200 5.74577 -13 1 1 0 1 2.53301e-05 4.46351e-07 0.0116967 0 0 0 
-5.11733 -0.0870437 -3400 -7.37826e-05 0.00666987 200 6.12302 -13 1 1 0 1 2.83923e-05 4.82941e-07 0.0127454 0 0 0 
-5.11736 -0.0834874 -3300 -7.46099e-05 0.00757289 200 6.50027 -13 1 1 0 1 3.19274e-05 5.20881e-07 0.0139224 0 0 0 
-5.1174 -0.0794518 -3200 -7.31558e-05 0.00859015 200 6.87752 -13 1 1 0 1 3.60284e-05 5.5937e-07 0.0152483 0 0 0 
-5.11744 -0.0748752 -3100 -6.85445e-05 0.00974018 200 7.25478 -13 1 1 0 1 4.0807e-05 5.97063e-07 0.0167476 0 0 0 
-5.11747 -0.0696858 -3000 -5.95983e-05 0.0110453 200 7.63203 -13 1 1 0 1 4.63968e-05 6.31797e-07 0.0184481 0 0 0 
-5.11749 -0.0637996 -2900 -4.47262e-05 0.0125324 200 8.00928 -13 1 1 0 1 5.29787e-05 6.60484e-07 0.0203872 0 0 0 
-5.11751 -0.0571177 -2800 -2.17698e-05 0.014234 200 8.38653 -13 1 1 0 1 6.07575e-05 6.78128e-07 0.0226052 0 0 0 
-5.11751 -0.0495232 -2700 1.22161e-05 0.0161901 200 8.76378 -13 1 1 0 1 7.00098e-05 6.77499e-07 0.0251552 0 0 0 
-5.1175 -0.0408771 -2600 6.12731e-05 0.0184497 200 9.14103 -13 1 1 0 1 8.10813e-05 6.47654e-07 0.0281016 0 0 0 
-5.11745 -0.0310129 -2500 0.000130992 0.0210734 200 9.51828 -13 1 1 0 1 9.44018e-05 5.72097e-07 0.0315211 0 0 0 
-5.11736 -0.0197304 -2400 0.000229164 0.0241371 200 9.89553 -13 1 1 0 1 0.000110569 4.26308e-07 0.0355181 0 0 0 
-5.11721 -0.00678679 -2300 0.000366744 0.0277358 200 10.2728 -13 1 1 0 1 0.000130298 1.7281e-07 0.0402114 0 0 0 
-5.11699 0.00811453 -2200 0.000559304 0.0319904 200 10.65 -13 1 1 0 1 0.000154587 -2.45144e-07 0.0457622 0 0 0 
-5.11664 0.0253384 -2100 0.000829191 0.037055 200 11.0273 -13 1 1 0 1 0.000184744 -9.14879e-07 0.0523736 0 0 0 
-5.11614 0.0453375 -2000 0.00120892 0.0431292 200 11.4045 -13 1 1 0 1 0.000222483 -1.97157e-06 0.0603007 0 0 0 
-5.11541 0.0686787 -1900 0.00174636 0.0504729 200 11.7818 -13 1 1 0 1 0.000270288 -3.62885e-06 0.0699016 0 0 0 
-5.11435 0.0960784 -1800 0.00251309 0.0594286 200 12.159 -13 1 1 0 1 0.000331343 -6.22462e-06 0.0816124 0 0 0 
-5.11284 0.128451 -1700 0.00361789 0.0704535 200 12.5363 -13 1 1 0 1 0.000410299 -1.03081e-05 0.0960491 0 0 0 
-5.11065 0.166978 -1600 0.00522882 0.0841625 200 12.9135 -13 1 1 0 1 0.000513663 -1.67827e-05 0.114037 0 0 0 
-5.10748 0.2132 -1500 0.00761097 0.101397 200 13.2908 -13 1 1 0 1 0.000650549 -2.71556e-05 0.136681 0 0 0 
-5.10284 0.269153 -1400 0.0111907 0.123314 200 13.668 -13 1 1 0 1 0.000834909 -4.40378e-05 0.165619 0 0 0 
-5.09598 0.337559 -1300 0.0166697 0.151528 200 14.0453 -13 1 1 0 1 0.00108611 -7.19444e-05 0.203023 0 0 0 
-5.08566 0.422104 -1200 0.0252321 0.188312 200 14.4225 -13 1 1 0 1 0.00143401 -0.000119021 0.252153 0 0 0 
-5.0699 0.527824 -1100 0.038923 0.236852 200 14.7998 -13 1 1 0 1 0.00192292 -0.000200193 0.317731 0 0 0 
-5.0453 0.661653 -1000 0.0613749 0.301619 200 15.177 -13 1 1 0 1 0.00261744 -0.000343258 0.406612 0 0 0 
-5.00599 0.833141 -900 0.0991821 0.388629 200 15.5543 -13 1 1 0 1 0.00361622 -0.000601843 0.529573 0 0 0 
-4.94158 1.05522 -800 0.164534 0.505251 199.999 15.9315 -13 1 1 0 1 0.00504539 -0.00107738 0.70196 0 0 0 
-4.8332 1.34447 -700.001 0.280069 0.658066 199.999 16.3088 -13 1 1 0 1 0.00704977 -0.00196106 0.947233 0 0 0 
-4.64652 1.71901 -600.002 0.486461 0.844251 199.998 16.686 -13 1 1 0 1 0.00967995 -0.00358117 1.29814 0 0 0 
-4.32079 2.18853 -500.003 0.849037 1.02635 199.996 17.0633 -13 1 1 0 1 0.0125725 -0.00636813 1.79396 0 0 0 
-3.75919 2.72402 -400.006 1.43839 1.07453 199.992 17.4405 -13 1 1 0 1 0.0143711 -0.0104137 2.46858 0 0 0 
-2.84951 3.19302 -300.012 2.21198 0.698594 199.987 17.8178 -13 1 1 0 1 0.0126241 -0.0141459 3.30366 0 0 0 
-1.58439 3.29355 -200.02 2.74343 -0.433657 199.981 18.1951 -13 1 1 0 1 0.00650697 -0.0135263 4.17724 0 0 0 
-0.290339 2.66445 -100.03 2.1859 -2.09351 199.977 18.5723 -13 1 1 0 1 0.000726163 -0.00666402 4.85756 0 0 0 
0.359121 1.31557 -0.0421885 0.236244 -3.06674 199.976 18.9496 -13 1 1 0 1 -4.03758e-07 -1.47909e-06 5.11705 0 0 0 
0.358933 1.31498 -0.0005 0.235263 -3.06681 199.976 18.9497 -13 1 1 0 1 -4.78376e-09 -1.75257e-08 5.11707 0 0 0 
0.358928 1.31496 0.0005 0.23524 -3.06682 199.976 18.9497 -13 1 1 0 1 4.7837e-09 1.75255e-08 5.11707 0 0 0 
-0.0931487 -0.115627 99.9887 -1.93686 -2.38652 199.976 19.327 -13 1 1 0 1 -0.000232888 -0.000289089 4.85735 0 0 0 
-1.37709 -0.904102 199.977 -2.96311 -0.721774 199.977 19.7042 -13 1 1 0 1 -0.005655 -0.00371268 4.17744 0 0 0 
-2.86002 -0.889847 299.966 -2.83726 0.665718 199.979 20.0815 -13 1 1 0 1 -0.012671 -0.00394237 3.30409 0 0 0 
-4.14906 -0.360473 399.956 -2.30524 1.34311 199.982 20.4587 -13 1 1 0 1 -0.0158633 -0.00137821 2.469 0 0 0 
-5.17868 0.371495 499.948 -1.84046 1.52943 199.986 20.836 -13 1 1 0 1 -0.0150714 0.00108116 1.79426 0 0 0 
-6.0183 1.13404 599.941 -1.54442 1.50133 199.988 21.2132 -13 1 1 0 1 -0.0125404 0.00236301 1.29832 0 0 0 
-6.74486 1.86272 699.936 -1.37888 1.40958 199.99 21.5905 -13 1 1 0 1 -0.00984048 0.00271763 0.947343 0 0 0 
-7.41023 2.54307 799.932 -1.29226 1.31326 199.992 21.9677 -13 1 1 0 1 -0.00756769 0.00259711 0.702019 0 0 0 
-8.04433 3.17826 899.928 -1.24933 1.23015 199.992 22.345 -13 1 1 0 1 -0.00581248 0.00229647 0.529609 0 0 0 
-8.6634 3.77588 999.924 -1.22974 1.16289 199.993 22.7222 -13 1 1 0 1 -0.00449561 0.00195938 0.406636 0 0 0 
-9.27609 4.34348 1099.92 -1.22242 1.10958 199.993 23.0995 -13 1 1 0 1 -0.00351909 0.00164779 0.317744 0 0 0 
-9.88687 4.88732 1199.92 -1.22144 1.06745 199.993 23.4767 -13 1 1 0 1 -0.00278848 0.00137842 0.252162 0 0 0 
-10.498 5.41236 1299.91 -1.22362 1.03397 199.994 23.854 -13 1 1 0 1 -0.00223797 0.00115381 0.203029 0 0 0 
-11.1107 5.9224 1399.91 -1.22728 1.00716 199.994 24.2312 -13 1 1 0 1 -0.00181832 0.000969225 0.165624 0 0 0 
-11.7254 6.42037 1499.91 -1.23151 0.985455 199.994 24.6085 -13 1 1 0 1 -0.00149383 0.000817962 0.136685 0 0 0 
-12.3423 6.90852 1599.9 -1.23584 0.967715 199.994 24.9857 -13 1 1 0 1 -0.00124077 0.000694515 0.114039 0 0 0 
-12.9612 7.3886 1699.9 -1.24001 0.953067 199.994 25.363 -13 1 1 0 1 -0.00104035 0.000593055 0.0960515 0 0 0 
-13.5822 7.86199 1799.9 -1.24393 0.940857 199.994 25.7402 -13 1 1 0 1 -0.00088013 0.000509458 0.081614 0 0 0 
-14.2051 8.32978 1899.9 -1.24753 0.930589 199.994 26.1175 -13 1 1 0 1 -0.000750691 0.0004402 0.069902 0 0 0 
-14.8297 8.79284 1999.89 -1.25082 0.921882 199.994 26.4947 -13 1 1 0 1 -0.000644978 0.000382421 0.0603002 0 0 0 
-15.4559 9.25187 2099.89 -1.2538 0.914442 199.994 26.872 -13 1 1 0 1 -0.000558113 0.000334086 0.0523724 0 0 0 
-16.0835 9.70745 2199.89 -1.2565 0.908039 199.994 27.2492 -13 1 1 0 1 -0.000485931 0.000293292 0.0457608 0 0 0 
-16.7123 10.1601 2299.88 -1.25894 0.902491 199.994 27.6265 -13 1 1 0 1 -0.000425569 0.000258719 0.0402098 0 0 0 
-17.3424 10.6101 2399.88 -1.26114 0.897656 199.994 28.0037 -13 1 1 0 1 -0.000374731 0.00022926 0.0355166 0 0 0 
-17.9734 11.0578 2499.88 -1.26313 0.893418 199.994 28.381 -13 1 1 0 1 -0.000331573 0.000203994 0.0315196 0 0 0 
-18.6055 11.5036 2599.87 -1.26494 0.889683 199.994 28.7582 -13 1 1 0 1 -0.000294796 0.000182269 0.0281001 0 0 0 
-19.2383 11.9476 2699.87 -1.26657 0.886376 199.994 29.1355 -13 1 1 0 1 -0.000263199 0.000163454 0.0251539 0 0 0 
-19.872 12.39 2799.87 -1.26806 0.883435 199.994 29.5127 -13 1 1 0 1 -0.000235938 0.000147105 0.0226039 0 0 0 
-20.5064 12.831 2899.87 -1.26941 0.880808 199.994 29.89 -13 1 1 0 1 -0.000212299 0.000132838 0.0203861 0 0 0 
-21.1414 13.2709 2999.86 -1.27064 0.878452 199.994 30.2672 -13 1 1 0 1 -0.000191683 0.000120323 0.018447 0 0 0 
-21.777 13.7095 3099.86 -1.27177 0.876331 199.994 30.6445 -13 1 1 0 1 -0.000173658 0.000109325 0.0167466 0 0 0 
-22.4131 14.1472 3199.86 -1.2728 0.874416 199.994 31.0217 -13 1 1 0 1 -0.000157802 9.96052e-05 0.0152474 0 0 0 
-23.0498 14.584 3299.85 -1.27375 0.87268 199.994 31.399 -13 1 1 0 1 -0.000143813 9.09931e-05 0.0139215 0 0 0 
-23.6869 15.0199 3399.85 -1.27462 0.871102 199.994 31.7762 -13 1 1 0 1 -0.000131426 8.33376e-05 0.0127447 0 0 0 
-24.3244 15.4551 3499.85 -1.27542 0.869664 199.994 32.1535 -13 1 1 0 1 -0.000120408 7.65045e-05 0.011696 0 0 0 
-24.9623 15.8896 3599.84 -1.27616 0.86835 199.994 32.5307 -13 1 1 0 1 -0.000110594 7.03978e-05 0.0107595 0 0 0 
-25.6005 16.3235 3699.84 -1.27684 0.867146 199.994 32.908 -13 1 1 0 1 -0.000101808 6.49152e-05 0.0099198 0 0 0 
-26.2391 16.7568 3799.84 -1.27747 0.866039 199.994 33.2852 -13 1 1 0 1 -9.3927e-05 5.99835e-05 0.00916508 0 0 0 
-26.878 17.1895 3899.84 -1.27806 0.865021 199.994 33.6625 -13 1 1 0 1 -8.68368e-05 5.55355e-05 0.00848489 0 0 0 
-27.5172 17.6218 3999.83 -1.2786 0.864081 199.994 34.0397 -13 1 1 0 1 -8.04367e-05 5.15111e-05 0.00786999 0 0 0 
-28.1566 18.0536 4099.83 -1.27911 0.863212 199.994 34.417 -13 1 1 0 1 -7.46536e-05 4.78669e-05 0.00731326 0 0 0 
-28.7963 18.485 4199.83 -1.27958 0.862408 199.994 34.7942 -13 1 1 0 1 -6.94076e-05 4.45544e-05 0.00680755 0 0 0 
-29.4362 18.916 4299.82 -1.28002 0.861661 199.994 35.1715 -13 1 1 0 1 -6.46411e-05 4.15391e-05 0.00634735 0 0 0 
-30.0763 19.3467 4399.82 -1.28043 0.860966 199.994 35.5488 -13 1 1 0 1 -6.0301e-05 3.87889e-05 0.00592769 0 0 0 
-30.7166 19.777 4499.82 -1.28082 0.860319 199.994 35.926 -13 1 1 0 1 -5.63379e-05 3.62734e-05 0.00554402 0 0 0 
-31.3571 20.207 4599.81 -1.28118 0.859716 199.994 36.3033 -13 1 1 0 1 -5.27166e-05 3.39714e-05 0.00519287 0 0 0 
-31.9978 20.6367 4699.81 -1.28152 0.859152 199.994 36.6805 -13 1 1 0 1 -4.93969e-05 3.18582e-05 0.00487062 0 0 0 
-32.6386 21.0662 4799.81 -1.28184 0.858624 199.994 37.0578 -13 1 1 0 1 -4.63499e-05 2.9916e-05 0.00457446 0 0 0 
-33.2796 21.4954 4899.81 -1.28213 0.85813 199.994 37.435 -13 1 1 0 1 -4.35485e-05 2.81281e-05 0.00430182 0 0 0 
-33.9208 21.9243 4999.8 -1.28242 0.857666 199.994 37.8123 -13 1 1 0 1 -4.09666e-05 2.64784e-05 0.00405032 0 0 0 
-33.922 21.9252 5000 -1.28242 0.857665 199.994 37.813 -13 1 1 0 1 -4.09617e-05 2.64752e-05 0.00404984 0 0 0 
-33.922 21.9252 5000 -1.28242 0.857665 199.994 37.813 -13 1 1 0 1 -4.09617e-05 2.64752e-05 0.00404984 0 0 0 
-34.5633 22.3539 5100 -1.28268 0.857229 199.994 38.1903 -13 1 1 0 1 -3.85817e-05 2.49528e-05 0.00381768 0 0 0 
-35.2047 22.7824 5199.99 -1.28293 0.856819 199.994 38.5675 -13 1 1 0 1 -3.63812e-05 2.35438e-05 0.00360284 0 0 0 
-35.8462 23.2107 5299.99 -1.28317 0.856433 199.994 38.9448 -13 1 1 0 1 -3.43449e-05 2.22386e-05 0.00340382 0 0 0 
-36.4879 23.6388 5399.99 -1.28339 0.856069 199.994 39.322 -13 1 1 0 1 -3.24577e-05 2.10279e-05 0.00321919 0 0 0 
-37.1296 24.0668 5499.99 -1.2836 0.855725 199.994 39.6993 -13 1 1 0 1 -3.07053e-05 1.99027e-05 0.00304761 0 0 0 
-37.7715 24.4946 5599.98 -1.2838 0.8554 199.994 40.0765 -13 1 1 0 1 -2.90778e-05 1.88568e-05 0.00288806 0 0 0 
-38.4134 24.9222 5699.98 -1.28399 0.855092 199.994 40.4538 -13 1 1 0 1 -2.75624e-05 1.78822e-05 0.0027394 0 0 0 
-39.0555 25.3497 5799.98 -1.28417 0.854801 199.994 40.831 -13 1 1 0 1 -2.61505e-05 1.69735e-05 0.00260077 0 0 0 
-39.6976 25.777 5899.97 -1.28434 0.854525 199.994 41.2083 -13 1 1 0 1 -2.48334e-05 1.61252e-05 0.00247134 0 0 0 
-40.3398 26.2042 5999.97 -1.28451 0.854264 199.994 41.5855 -13 1 1 0 1 -2.36026e-05 1.53319e-05 0.00235031 0 0 0 
-40.9821 26.6313 6099.97 -1.28466 0.854015 199.994 41.9628 -13 1 1 0 1 -2.24524e-05 1.45902e-05 0.00223709 0 0 0 
-41.6245 27.0582 6199.96 -1.28481 0.853779 199.994 42.34 -13 1 1 0 1 -2.13753e-05 1.38951e-05 0.002131 0 0 0 
-42.2669 27.485 6299.96 -1.28495 0.853554 199.994 42.7173 -13 1 1 0 1 -2.03659e-05 1.32434e-05 0.00203151 0 0 0 
-42.9094 27.9118 6399.96 -1.28508 0.85334 199.994 43.0945 -13 1 1 0 1 -1.94192e-05 1.26318e-05 0.00193812 0 0 0 
-43.552 28.3384 6499.96 -1.28521 0.853136 199.994 43.4718 -13 1 1 0 1 -1.85299e-05 1.2057e-05 0.00185034 0 0 0 
-44.1946 28.7649 6599.95 -1.28533 0.852942 199.994 43.849 -13 1 1 0 1 -1.76944e-05 1.15167e-05 0.00176781 0 0 0 
-44.8373 29.1913 6699.95 -1.28545 0.852756 199.994 44.2263 -13 1 1 0 1 -1.69081e-05 1.1008e-05 0.00169009 0 0 0 
-45.4801 29.6177 6799.95 -1.28556 0.852579 199.994 44.6035 -13 1 1 0 1 -1.61677e-05 1.05288e-05 0.00161686 0 0 0 
-46.1229 30.0439 6899.94 -1.28567 0.85241 199.994 44.9808 -13 1 1 0 1 -1.547e-05 1.0077e-05 0.0015478 0 0 0 
-46.7657 30.4701 6999.94 -1.28577 0.852248 199.994 45.358 -13 1 1 0 1 -1.48115e-05 9.65042e-06 0.00148261 0 0 0 
-47.4087 30.8961 7099.94 -1.28587 0.852093 199.994 45.7353 -13 1 1 0 1 -1.41902e-05 9.24776e-06 0.00142104 0 0 0 
-48.0516 31.3222 7199.94 -1.28596 0.851945 199.994 46.1125 -13 1 1 0 1 -1.3603e-05 8.86702e-06 0.00136281 0 0 0 
-48.6946 31.7481 7299.93 -1.28605 0.851803 199.994 46.4898 -13 1 1 0 1 -1.30477e-05 8.50689e-06 0.00130773 0 0 0 
-49.3377 32.174 7399.93 -1.28614 0.851667 199.994 46.867 -13 1 1 0 1 -1.25223e-05 8.16598e-06 0.00125558 0 0 0 
-49.9808 32.5998 7499.93 -1.28622 0.851536 199.994 47.2443 -13 1 1 0 1 -1.20245e-05 7.84291e-06 0.00120615 0 0 0 
-50.6239 33.0255 7599.92 -1.2863 0.851411 199.994 47.6215 -13 1 1 0 1 -1.15529e-05 7.53678e-06 0.0011593 0 0 0 
-51.2671 33.4512 7699.92 -1.28638 0.85129 199.994 47.9988 -13 1 1 0 1 -1.11056e-05 7.24625e-06 0.00111483 0 0 0 
-51.9103 33.8768 7799.92 -1.28645 0.851175 199.994 48.376 -13 1 1 0 1 -1.0681e-05 6.97045e-06 0.0010726 0 0 0 
-52.5535 34.3023 7899.91 -1.28652 0.851064 199.994 48.7533 -13 1 1 0 1 -1.02778e-05 6.70847e-06 0.00103249 0 0 0 
-53.1968 34.7279 7999.91 -1.28659 0.850957 199.994 49.1305 -13 1 1 0 1 -9.89454e-06 6.45934e-06 0.000994335 0 0 0 
-53.8401 35.1533 8099.91 -1.28665 0.850854 199.994 49.5078 -13 1 1 0 1 -9.53023e-06 6.22249e-06 0.00095805 0 0 0 
-54.4834 35.5787 8199.91 -1.28672 0.850755 199.994 49.885 -13 1 1 0 1 -9.18348e-06 5.99698e-06 0.000923503 0 0 0 
-55.1268 36.0041 8299.9 -1.28678 0.850659 199.994 50.2623 -13 1 1 0 1 -8.85335e-06 5.78225e-06 0.000890597 0 0 0 
-55.7702 36.4294 8399.9 -1.28684 0.850567 199.994 50.6395 -13 1 1 0 1 -8.53889e-06 5.57764e-06 0.000859237 0 0 0 
-56.4136 36.8546 8499.9 -1.28689 0.850479 199.994 51.0168 -13 1 1 0 1 -8.23904e-06 5.3825e-06 0.000829326 0 0 0 
-57.0571 37.2798 8599.89 -1.28695 0.850393 199.994 51.394 -13 1 1 0 1 -7.95318e-06 5.19643e-06 0.000800794 0 0 0 
-57.7006 37.705 8699.89 -1.287 0.850311 199.994 51.7713 -13 1 1 0 1 -7.68031e-06 5.01878e-06 0.000773551 0 0 0 
-58.3441 38.1302 8799.89 -1.28705 0.850231 199.994 52.1485 -13 1 1 0 1 -7.41979e-06 4.84913e-06 0.00074753 0 0 0 
-58.9876 38.5553 8899.88 -1.2871 0.850154 199.994 52.5258 -13 1 1 0 1 -7.17094e-06 4.68704e-06 0.000722664 0 0 0 
-59.6312 38.9803 8999.88 -1.28715 0.85008 199.994 52.903 -13 1 1 0 1 -6.93302e-06 4.53205e-06 0.000698884 0 0 0 
-60.2748 39.4053 9099.88 -1.2872 0.850008 199.994 53.2803 -13 1 1 0 1 -6.7056e-06 4.38386e-06 0.000676141 0 0 0 
-60.9184 39.8303 9199.88 -1.28724 0.849939 199.994 53.6575 -13 1 1 0 1 -6.48795e-06 4.24202e-06 0.000654371 0 0 0 
-61.562 40.2553 9299.87 -1.28728 0.849872 199.994 54.0348 -13 1 1 0 1 -6.27963e-06 4.10624e-06 0.000633526 0 0 0 
-62.2057 40.6802 9399.87 -1.28732 0.849807 199.994 54.412 -13 1 1 0 1 -6.08014e-06 3.97619e-06 0.000613557 0 0 0 
-62.8494 41.1051 9499.87 -1.28737 0.849744 199.994 54.7893 -13 1 1 0 1 -5.88896e-06 3.85153e-06 0.000594415 0 0 0 
-63.493 41.5299 9599.86 -1.2874 0.849683 199.994 55.1665 -13 1 1 0 1 -5.70578e-06 3.73208e-06 0.000576066 0 0 0 
-64.1368 41.9548 9699.86 -1.28744 0.849624 199.994 55.5438 -13 1 1 0 1 -5.53007e-06 3.61747e-06 0.000558461 0 0 0 
-64.7805 42.3796 9799.86 -1.28748 0.849567 199.994 55.921 -13 1 1 0 1 -5.36151e-06 3.50751e-06 0.000541566 0 0 0 
-65.4242 42.8043 9899.85 -1.28751 0.849512 199.994 56.2983 -13 1 1 0 1 -5.19974e-06 3.40197e-06 0.000525346 0 0 0 
-66.068 43.2291 9999.85 -1.28755 0.849458 199.994 56.6755 -13 1 1 0 1 -5.04436e-06 3.30058e-06 0.000509765 0 0 0 
-66.069 43.2297 10000 -1.28755 0.849458 199.994 56.6761 -13 1 1 0 1 -5.04413e-06 3.30044e-06 0.000509743 0 0 0 
-66.069 43.2297 10000 -1.28755 0.849458 199.994 56.6761 -13 1 1 0 1 -5.04413e-06 3.30044e-06 0.000509742 0 0 0 
-66.7127 43.6544 10100 -1.28758 0.849406 199.994 57.0534 -13 1 1 0 1 -4.89495e-06 3.20308e-06 0.000494775 0 0 0 
-67.3565 44.0791 10200 -1.28762 0.849356 199.994 57.4306 -13 1 1 0 1 -4.75155e-06 3.10948e-06 0.000480386 0 0 0 
-68.0004 44.5038 10300 -1.28765 0.849307 199.994 57.8079 -13 1 1 0 1 -4.6137e-06 3.0195e-06 0.00046655 0 0 0 
-68.0048 44.5067 10300.7 -1.28765 0.849306 199.994 57.8105 -13 1 1 0 1 -4.61277e-06 3.01889e-06 0.000466457 0 0 0 

# End of Event 1

