# AllTracks
#x y z Px Py Pz t PDGid EventID TrackID ParentID Weight Bx By Bz Ex Ey Ez
# Event -2 Track 1
0 20 -5000 0 0 200 0 -13 -2 1 0 1 -1.47897e-21 -2.41535e-05 0.00405044 0 0 0 
0.00018594 20 -4900 0.000753834 -2.37437e-07 200 0.377251 -13 -2 1 0 1 -2.43306e-10 -2.61703e-05 0.00430194 0 0 0 
0.000764428 20 -4800 0.00157126 -1.0278e-06 200 0.754502 -13 -2 1 0 1 -1.08552e-09 -2.84008e-05 0.00457457 0 0 0 
0.00176894 20 -4700 0.00245913 -2.50756e-06 200 1.13175 -13 -2 1 0 1 -2.7307e-09 -3.08739e-05 0.00487072 0 0 0 
0.00323657 20 -4600 0.00342515 -4.84382e-06 200 1.509 -13 -2 1 0 1 -5.441e-09 -3.36219e-05 0.00519297 0 0 0 
0.00520858 20 -4500 0.00447813 -8.24154e-06 200 1.88625 -13 -2 1 0 1 -9.55268e-09 -3.66806e-05 0.00554411 0 0 0 
0.00773086 20 -4400 0.00562805 -1.29525e-05 200 2.26351 -13 -2 1 0 1 -1.54991e-08 -4.00966e-05 0.00592776 0 0 0 
0.0108547 20 -4300 0.00688627 -1.92867e-05 200 2.64076 -13 -2 1 0 1 -2.38352e-08 -4.3917e-05 0.00634741 0 0 0 
0.0146373 20 -4200 0.00826585 -2.76269e-05 200 3.01801 -13 -2 1 0 1 -3.52781e-08 -4.82028e-05 0.00680757 0 0 0 
0.0191432 20 -4100 0.00978171 -3.84465e-05 200 3.39526 -13 -2 1 0 1 -5.07522e-08 -5.30236e-05 0.00731325 0 0 0 
0.0244446 19.9999 -4000 0.0114511 -5.23334e-05 200 3.77251 -13 -2 1 0 1 -7.14494e-08 -5.8458e-05 0.00786993 0 0 0 
0.0306232 19.9999 -3900 0.0132939 -7.00197e-05 200 4.14976 -13 -2 1 0 1 -9.89279e-08 -6.46095e-05 0.00848477 0 0 0 
0.0377712 19.9999 -3800 0.015333 -9.24197e-05 200 4.52701 -13 -2 1 0 1 -1.35195e-07 -7.15856e-05 0.0091649 0 0 0 
0.0459934 19.9998 -3700 0.0175954 -0.000120681 200 4.90426 -13 -2 1 0 1 -1.82888e-07 -7.95271e-05 0.00991956 0 0 0 
0.0554089 19.9997 -3600 0.0201122 -0.00015625 200 5.28151 -13 -2 1 0 1 -2.45461e-07 -8.85985e-05 0.0107592 0 0 0 
0.0661541 19.9996 -3500 0.0229203 -0.000200955 200 5.65876 -13 -2 1 0 1 -3.27436e-07 -9.89901e-05 0.0116956 0 0 0 
0.0783849 19.9995 -3400 0.0260626 -0.000257121 200 6.03601 -13 -2 1 0 1 -4.34871e-07 -0.000110955 0.0127442 0 0 0 
0.0922809 19.9994 -3300 0.0295903 -0.000327719 200 6.41326 -13 -2 1 0 1 -5.75702e-07 -0.000124768 0.013921 0 0 0 
0.10805 19.9992 -3200 0.0335642 -0.00041657 200 6.79052 -13 -2 1 0 1 -7.60651e-07 -0.000140791 0.0152467 0 0 0 
0.125931 19.999 -3100 0.0380564 -0.000528607 200 7.16777 -13 -2 1 0 1 -1.00411e-06 -0.000159461 0.0167457 0 0 0 
0.146207 19.9987 -3000 0.0431541 -0.000670256 200 7.54502 -13 -2 1 0 1 -1.32545e-06 -0.0001813 0.0184459 0 0 0 
0.169204 19.9983 -2900 0.048962 -0.000849927 200 7.92227 -13 -2 1 0 1 -1.75152e-06 -0.000207013 0.0203847 0 0 0 
0.195308 19.9978 -2800 0.0556075 -0.00107872 200 8.29952 -13 -2 1 0 1 -2.31857e-06 -0.0002374 0.0226021 0 0 0 
0.224977 19.9972 -2700 0.0632461 -0.00137139 200 8.67677 -13 -2 1 0 1 -3.07746e-06 -0.000273542 0.0251516 0 0 0 
0.258751 19.9964 -2600 0.0720688 -0.00174774 200 9.05402 -13 -2 1 0 1 -4.09918e-06 -0.000316787 0.0280972 0 0 0 
0.297282 19.9954 -2500 0.0823125 -0.00223456 200 9.43127 -13 -2 1 0 1 -5.48331e-06 -0.000368812 0.0315158 0 0 0 
0.341349 19.9942 -2400 0.0942722 -0.00286847 200 9.80852 -13 -2 1 0 1 -7.37445e-06 -0.00043195 0.0355117 0 0 0 
0.391901 19.9925 -2300 0.108319 -0.00370003 200 10.1858 -13 -2 1 0 1 -9.97747e-06 -0.000508993 0.0402035 0 0 0 
0.450094 19.9904 -2200 0.124922 -0.00479992 200 10.563 -13 -2 1 0 1 -1.35955e-05 -0.00060383 0.0457524 0 0 0 
0.517349 19.9877 -2100 0.144683 -0.00626802 200 10.9403 -13 -2 1 0 1 -1.86765e-05 -0.000721565 0.0523614 0 0 0 
0.595431 19.9841 -2000 0.168379 -0.0082476 200 11.3175 -13 -2 1 0 1 -2.58886e-05 -0.000868883 0.0602854 0 0 0 
0.68655 19.9793 -1900 0.19702 -0.0109469 200 11.6948 -13 -2 1 0 1 -3.62688e-05 -0.00105546 0.0698822 0 0 0 
0.793495 19.973 -1800 0.231938 -0.0146732 200 12.072 -13 -2 1 0 1 -5.13969e-05 -0.0012937 0.0815873 0 0 0 
0.919828 19.9644 -1700 0.274911 -0.0198888 200 12.4493 -13 -2 1 0 1 -7.37974e-05 -0.00160174 0.0960165 0 0 0 
1.07014 19.9527 -1600 0.328324 -0.0273 200 12.8265 -13 -2 1 0 1 -0.00010753 -0.00200489 0.113994 0 0 0 
1.25043 19.9365 -1500 0.395442 -0.0380104 200 13.2038 -13 -2 1 0 1 -0.000159223 -0.00253862 0.136624 0 0 0 
1.46861 19.9139 -1400 0.480751 -0.0537792 199.999 13.581 -13 -2 1 0 1 -0.00024021 -0.00325718 0.165541 0 0 0 
1.73524 19.8815 -1300 0.590493 -0.0774768 199.999 13.9583 -13 -2 1 0 1 -0.0003697 -0.00423583 0.202916 0 0 0 
2.06461 19.8343 -1200 0.733446 -0.11391 199.999 14.3355 -13 -2 1 0 1 -0.000581928 -0.00559045 0.252003 0 0 0 
2.47624 19.7641 -1100 0.92189 -0.171322 199.998 14.7128 -13 -2 1 0 1 -0.000938774 -0.00749281 0.317517 0 0 0 
2.99691 19.6571 -1000 1.17298 -0.264251 199.996 15.09 -13 -2 1 0 1 -0.00155401 -0.0101929 0.406304 0 0 0 
3.66345 19.4897 -900.006 1.50967 -0.418919 199.994 15.4673 -13 -2 1 0 1 -0.002645 -0.0140715 0.52912 0 0 0 
4.52548 19.2201 -800.011 1.95975 -0.683487 199.989 15.8445 -13 -2 1 0 1 -0.00461799 -0.019613 0.701294 0 0 0 
5.64626 18.7734 -700.018 2.54714 -1.14681 199.98 16.2218 -13 -2 1 0 1 -0.00823124 -0.0273683 0.94626 0 0 0 
7.09381 18.0143 -600.031 3.25765 -1.9674 199.964 16.599 -13 -2 1 0 1 -0.0147715 -0.0375112 1.29677 0 0 0 
8.90116 16.7048 -500.057 3.94012 -3.39727 199.932 16.9763 -13 -2 1 0 1 -0.0258929 -0.0485932 1.79218 0 0 0 
10.9477 14.4692 -400.103 4.08239 -5.70197 199.877 17.3535 -13 -2 1 0 1 -0.0418508 -0.055313 2.4666 0 0 0 
12.7076 10.8798 -300.184 2.55479 -8.69311 199.795 17.7308 -13 -2 1 0 1 -0.0563061 -0.0482075 3.30185 0 0 0 
13.0014 5.93126 -200.31 -1.9069 -10.6805 199.706 18.108 -13 -2 1 0 1 -0.0534344 -0.0243769 4.17568 0 0 0 
10.4442 0.92565 -100.473 -8.34472 -8.37725 199.65 18.4853 -13 -2 1 0 1 -0.0262219 -0.00232399 4.85665 0 0 0 
5.12544 -1.50825 -0.651842 -11.9977 -0.689972 199.639 18.8625 -13 -2 1 0 1 -8.9034e-05 2.61998e-05 5.11763 0 0 0 
-0.428981 0.365236 99.1676 -9.17553 7.74723 199.639 19.2398 -13 -2 1 0 1 -0.00106491 0.00090667 4.86158 0 0 0 
-3.40867 5.44208 198.988 -2.58063 11.634 199.645 19.617 -13 -2 1 0 1 -0.013963 0.0222925 4.18583 0 0 0 
-3.2282 11.2342 298.817 2.84993 11.0272 199.675 19.9943 -13 -2 1 0 1 -0.014313 0.0498094 3.31408 0 0 0 
-1.04262 16.222 398.667 5.4645 8.87916 199.728 20.3715 -13 -2 1 0 1 -0.00399791 0.0622034 2.47801 0 0 0 
1.91576 20.1728 498.545 6.15364 7.03557 199.782 20.7488 -13 -2 1 0 1 0.00559916 0.0589586 1.80089 0 0 0 
4.97622 23.374 598.447 6.01422 5.87496 199.823 21.126 -13 -2 1 0 1 0.0104163 0.0489268 1.30255 0 0 0 
7.89228 26.1343 698.366 5.63671 5.23373 199.852 21.5033 -13 -2 1 0 1 0.0115688 0.0383086 0.950205 0 0 0 
10.6121 28.6591 798.297 5.24912 4.90331 199.871 21.8805 -13 -2 1 0 1 0.0108857 0.029398 0.703814 0 0 0 
13.1511 31.0657 898.236 4.918 4.74326 199.883 22.2578 -13 -2 1 0 1 0.00954155 0.0225392 0.530791 0 0 0 
15.541 33.4172 998.18 4.65181 4.67326 199.891 22.6351 -13 -2 1 0 1 0.00809534 0.0174071 0.407427 0 0 0 
17.8123 35.7466 1098.13 4.44175 4.64998 199.897 23.0123 -13 -2 1 0 1 0.00677989 0.0136062 0.318229 0 0 0 
19.9902 38.071 1198.08 4.27631 4.65039 199.9 23.3896 -13 -2 1 0 1 0.00565615 0.0107721 0.252512 0 0 0 
22.0943 40.3989 1298.03 4.14521 4.66235 199.903 23.7668 -13 -2 1 0 1 0.00472375 0.00863727 0.203256 0 0 0 
24.1397 42.7342 1397.98 4.04041 4.67939 199.904 24.1441 -13 -2 1 0 1 0.00396126 0.00701255 0.165785 0 0 0 
26.138 45.0786 1497.93 3.95578 4.69814 199.906 24.5213 -13 -2 1 0 1 0.00333842 0.00575755 0.136799 0 0 0 
28.0981 47.4323 1597.88 3.88671 4.71684 199.907 24.8986 -13 -2 1 0 1 0.00283092 0.00477887 0.114108 0 0 0 
30.0268 49.7952 1697.84 3.82975 4.73465 199.907 25.2758 -13 -2 1 0 1 0.00241531 0.00400546 0.0961035 0 0 0 
31.9294 52.1668 1797.79 3.78233 4.75118 199.908 25.6531 -13 -2 1 0 1 0.00207308 0.00338702 0.0816458 0 0 0 
33.8104 54.5462 1897.75 3.74248 4.7663 199.908 26.0303 -13 -2 1 0 1 0.00179019 0.0028881 0.0699261 0 0 0 
35.6729 56.9328 1997.7 3.70873 4.78002 199.909 26.4076 -13 -2 1 0 1 0.00155435 0.00248069 0.0603175 0 0 0 
37.5199 59.326 2097.65 3.67991 4.79242 199.909 26.7848 -13 -2 1 0 1 0.00135708 0.0021458 0.0523806 0 0 0 
39.3535 61.725 2197.61 3.65512 4.80361 199.909 27.1621 -13 -2 1 0 1 0.00119094 0.00186796 0.0457668 0 0 0 
41.1756 64.1294 2297.56 3.63366 4.81368 199.909 27.5393 -13 -2 1 0 1 0.0010501 0.00163549 0.0402114 0 0 0 
42.9876 66.5386 2397.52 3.61497 4.82277 199.909 27.9166 -13 -2 1 0 1 0.00093026 0.00143991 0.0355172 0 0 0 
44.7909 68.952 2497.47 3.59859 4.83098 199.909 28.2938 -13 -2 1 0 1 0.000827486 0.00127385 0.031519 0 0 0 
46.5866 71.3694 2597.43 3.58416 4.83839 199.909 28.6711 -13 -2 1 0 1 0.000739094 0.00113227 0.0280969 0 0 0 
48.3754 73.7903 2697.38 3.5714 4.84511 199.909 29.0483 -13 -2 1 0 1 0.000662662 0.0010108 0.0251506 0 0 0 
50.1582 76.2144 2797.34 3.56004 4.8512 199.91 29.4256 -13 -2 1 0 1 0.00059622 0.000905944 0.0225994 0 0 0 
51.9356 78.6414 2897.29 3.54991 4.85674 199.91 29.8028 -13 -2 1 0 1 0.00053831 0.000815115 0.0203818 0 0 0 
53.7083 81.0711 2997.25 3.54082 4.86179 199.91 30.1801 -13 -2 1 0 1 0.000487502 0.00073587 0.0184427 0 0 0 
55.4766 83.5031 3097.2 3.53264 4.8664 199.91 30.5573 -13 -2 1 0 1 0.000442836 0.000666555 0.0167414 0 0 0 
57.241 85.9374 3197.15 3.52526 4.87062 199.91 30.9346 -13 -2 1 0 1 0.000403411 0.000605652 0.0152425 0 0 0 
59.002 88.3737 3297.11 3.51857 4.87448 199.91 31.3118 -13 -2 1 0 1 0.000368463 0.000551888 0.0139163 0 0 0 
60.7597 90.8118 3397.06 3.51249 4.87803 199.91 31.6891 -13 -2 1 0 1 0.000337433 0.00050433 0.0127399 0 0 0 
62.5145 93.2517 3497.02 3.50696 4.8813 199.91 32.0663 -13 -2 1 0 1 0.000309727 0.000462013 0.0116914 0 0 0 
64.2667 95.6931 3596.97 3.5019 4.88431 199.91 32.4436 -13 -2 1 0 1 0.000284954 0.000424296 0.0107546 0 0 0 
66.0165 98.136 3696.93 3.49726 4.88709 199.91 32.8208 -13 -2 1 0 1 0.000262738 0.00039057 0.00991522 0 0 0 
67.7641 100.58 3796.88 3.493 4.88967 199.91 33.1981 -13 -2 1 0 1 0.000242745 0.000360299 0.00916046 0 0 0 
69.5096 103.026 3896.84 3.48908 4.89206 199.91 33.5753 -13 -2 1 0 1 0.000224733 0.000333095 0.00848063 0 0 0 
71.2532 105.472 3996.79 3.48546 4.89427 199.91 33.9526 -13 -2 1 0 1 0.000208433 0.000308532 0.00786598 0 0 0 
72.9951 107.92 4096.75 3.48212 4.89633 199.91 34.3298 -13 -2 1 0 1 0.000193663 0.000286321 0.00730923 0 0 0 
74.7354 110.368 4196.7 3.47903 4.89825 199.91 34.7071 -13 -2 1 0 1 0.000180251 0.000266193 0.00680377 0 0 0 
76.4741 112.818 4296.66 3.47615 4.90004 199.91 35.0843 -13 -2 1 0 1 0.000168036 0.000247895 0.00634363 0 0 0 
78.2115 115.269 4396.61 3.47348 4.90172 199.91 35.4616 -13 -2 1 0 1 0.000156904 0.000231246 0.00592421 0 0 0 
79.9477 117.72 4496.57 3.47099 4.90328 199.91 35.8388 -13 -2 1 0 1 0.000146722 0.000216042 0.00554074 0 0 0 
81.6826 120.172 4596.52 3.46867 4.90475 199.91 36.2161 -13 -2 1 0 1 0.000137397 0.000202139 0.00518962 0 0 0 
83.4164 122.624 4696.48 3.46651 4.90612 199.91 36.5933 -13 -2 1 0 1 0.000128844 0.000189405 0.00486754 0 0 0 
85.1491 125.078 4796.43 3.46448 4.90741 199.91 36.9706 -13 -2 1 0 1 0.00012098 0.000177711 0.00457146 0 0 0 
86.8808 127.532 4896.39 3.46258 4.90863 199.91 37.3478 -13 -2 1 0 1 0.000113746 0.000166967 0.00429899 0 0 0 
88.6117 129.986 4996.34 3.46079 4.90977 199.91 37.7251 -13 -2 1 0 1 0.000107071 0.000157066 0.00404765 0 0 0 
90.3417 132.442 5096.3 3.45912 4.91084 199.91 38.1023 -13 -2 1 0 1 0.000100906 0.000147929 0.00381548 0 0 0 
92.0708 134.897 5196.25 3.45754 4.91186 199.91 38.4796 -13 -2 1 0 1 9.52043e-05 0.000139488 0.00360075 0 0 0 
93.7992 137.353 5296.21 3.45606 4.91282 199.91 38.8568 -13 -2 1 0 1 8.99208e-05 0.000131674 0.00340177 0 0 0 
95.5269 139.81 5396.16 3.45466 4.91373 199.91 39.2341 -13 -2 1 0 1 8.50228e-05 0.000124437 0.00321723 0 0 0 
97.2539 142.267 5496.12 3.45334 4.91458 199.91 39.6113 -13 -2 1 0 1 8.04714e-05 0.000117717 0.00304575 0 0 0 
98.9802 144.725 5596.07 3.45209 4.9154 199.91 39.9886 -13 -2 1 0 1 7.62368e-05 0.00011147 0.00288621 0 0 0 
100.706 147.183 5696.03 3.45091 4.91617 199.91 40.3658 -13 -2 1 0 1 7.22944e-05 0.000105659 0.00273763 0 0 0 
102.431 149.641 5795.98 3.44979 4.9169 199.91 40.7431 -13 -2 1 0 1 6.86172e-05 0.000100242 0.00259904 0 0 0 
104.156 152.099 5895.94 3.44873 4.91759 199.91 41.1203 -13 -2 1 0 1 6.51862e-05 9.51919e-05 0.00246968 0 0 0 
105.88 154.558 5995.89 3.44773 4.91825 199.91 41.4976 -13 -2 1 0 1 6.19789e-05 9.04739e-05 0.00234874 0 0 0 
107.604 157.018 6095.85 3.44677 4.91888 199.91 41.8748 -13 -2 1 0 1 5.8977e-05 8.60607e-05 0.00223554 0 0 0 
109.327 159.477 6195.8 3.44586 4.91948 199.91 42.2521 -13 -2 1 0 1 5.61662e-05 8.19309e-05 0.00212952 0 0 0 
111.049 161.937 6295.76 3.445 4.92005 199.91 42.6293 -13 -2 1 0 1 5.35298e-05 7.80596e-05 0.00203007 0 0 0 
112.772 164.397 6395.71 3.44418 4.92059 199.91 43.0066 -13 -2 1 0 1 5.10567e-05 7.44299e-05 0.00193673 0 0 0 
114.494 166.858 6495.67 3.4434 4.92111 199.91 43.3838 -13 -2 1 0 1 4.87328e-05 7.1021e-05 0.00184902 0 0 0 
116.215 169.318 6595.62 3.44265 4.9216 199.91 43.7611 -13 -2 1 0 1 4.65469e-05 6.7816e-05 0.00176651 0 0 0 
117.936 171.779 6695.58 3.44194 4.92207 199.91 44.1383 -13 -2 1 0 1 4.449e-05 6.48017e-05 0.00168884 0 0 0 
119.657 174.241 6795.53 3.44126 4.92253 199.91 44.5156 -13 -2 1 0 1 4.25517e-05 6.19623e-05 0.00161565 0 0 0 
121.377 176.702 6895.49 3.44061 4.92296 199.91 44.8929 -13 -2 1 0 1 4.07248e-05 5.92874e-05 0.00154663 0 0 0 
123.098 179.163 6995.44 3.43999 4.92337 199.91 45.2701 -13 -2 1 0 1 3.90007e-05 5.67638e-05 0.00148149 0 0 0 
124.817 181.625 7095.4 3.43939 4.92377 199.91 45.6474 -13 -2 1 0 1 3.73719e-05 5.43808e-05 0.00141994 0 0 0 
126.537 184.087 7195.35 3.43882 4.92415 199.91 46.0246 -13 -2 1 0 1 3.58327e-05 5.21297e-05 0.00136176 0 0 0 
128.256 186.549 7295.3 3.43828 4.92451 199.91 46.4019 -13 -2 1 0 1 3.43763e-05 5.00004e-05 0.0013067 0 0 0 
129.975 189.012 7395.26 3.43775 4.92486 199.91 46.7791 -13 -2 1 0 1 3.29981e-05 4.79862e-05 0.00125459 0 0 0 
131.694 191.474 7495.21 3.43725 4.9252 199.91 47.1564 -13 -2 1 0 1 3.16923e-05 4.60785e-05 0.0012052 0 0 0 
133.413 193.937 7595.17 3.43677 4.92552 199.91 47.5336 -13 -2 1 0 1 3.04542e-05 4.42702e-05 0.00115836 0 0 0 
135.131 196.4 7695.12 3.43631 4.92583 199.91 47.9109 -13 -2 1 0 1 2.92799e-05 4.25555e-05 0.00111393 0 0 0 
136.849 198.863 7795.08 3.43587 4.92613 199.91 48.2881 -13 -2 1 0 1 2.81647e-05 4.09277e-05 0.00107172 0 0 0 
138.567 201.326 7895.03 3.43544 4.92641 199.91 48.6654 -13 -2 1 0 1 2.71057e-05 3.93823e-05 0.00103163 0 0 0 
140.284 203.789 7994.99 3.43503 4.92669 199.91 49.0426 -13 -2 1 0 1 2.6099e-05 3.79137e-05 0.000993518 0 0 0 
142.002 206.253 8094.94 3.43463 4.92695 199.91 49.4199 -13 -2 1 0 1 2.51413e-05 3.65169e-05 0.000957251 0 0 0 
143.719 208.716 8194.9 3.43425 4.92721 199.91 49.7971 -13 -2 1 0 1 2.42299e-05 3.5188e-05 0.000922731 0 0 0 
145.436 211.18 8294.85 3.43389 4.92746 199.91 50.1744 -13 -2 1 0 1 2.33618e-05 3.39225e-05 0.000889845 0 0 0 
147.153 213.644 8394.81 3.43354 4.92769 199.91 50.5516 -13 -2 1 0 1 2.25348e-05 3.27172e-05 0.000858508 0 0 0 
148.87 216.108 8494.76 3.4332 4.92792 199.91 50.9289 -13 -2 1 0 1 2.17464e-05 3.15683e-05 0.000828623 0 0 0 
150.586 218.572 8594.72 3.43287 4.92814 199.91 51.3061 -13 -2 1 0 1 2.09941e-05 3.04724e-05 0.000800107 0 0 0 
152.302 221.036 8694.67 3.43255 4.92836 199.91 51.6834 -13 -2 1 0 1 2.02762e-05 2.94267e-05 0.000772886 0 0 0 
154.019 223.5 8794.63 3.43225 4.92856 199.91 52.0606 -13 -2 1 0 1 1.95904e-05 2.84281e-05 0.000746882 0 0 0 
155.735 225.964 8894.58 3.43195 4.92876 199.91 52.4379 -13 -2 1 0 1 1.89353e-05 2.74743e-05 0.000722034 0 0 0 
157.451 228.429 8994.54 3.43167 4.92896 199.91 52.8151 -13 -2 1 0 1 1.83091e-05 2.65627e-05 0.000698276 0 0 0 
159.166 230.893 9094.49 3.43139 4.92914 199.91 53.1924 -13 -2 1 0 1 1.771e-05 2.56909e-05 0.000675546 0 0 0 
160.882 233.358 9194.45 3.43112 4.92932 199.91 53.5696 -13 -2 1 0 1 1.71369e-05 2.48569e-05 0.000653794 0 0 0 
162.597 235.822 9294.4 3.43087 4.9295 199.91 53.9469 -13 -2 1 0 1 1.65881e-05 2.40584e-05 0.000632963 0 0 0 
164.313 238.287 9394.36 3.43062 4.92967 199.91 54.3241 -13 -2 1 0 1 1.60625e-05 2.32939e-05 0.000613009 0 0 0 
166.028 240.752 9494.31 3.43038 4.92983 199.91 54.7014 -13 -2 1 0 1 1.55589e-05 2.25614e-05 0.000593885 0 0 0 
167.743 243.217 9594.27 3.43014 4.92999 199.91 55.0786 -13 -2 1 0 1 1.5076e-05 2.18592e-05 0.000575546 0 0 0 
169.458 245.682 9694.22 3.42992 4.93014 199.91 55.4559 -13 -2 1 0 1 1.4613e-05 2.1186e-05 0.000557957 0 0 0 
171.173 248.147 9794.18 3.4297 4.93029 199.91 55.8331 -13 -2 1 0 1 1.41686e-05 2.054e-05 0.000541074 0 0 0 
172.888 250.612 9894.13 3.42949 4.93043 199.91 56.2104 -13 -2 1 0 1 1.3742e-05 1.992e-05 0.000524866 0 0 0 
174.603 253.078 9994.09 3.42928 4.93057 199.91 56.5876 -13 -2 1 0 1 1.33325e-05 1.93248e-05 0.0005093 0 0 0 
176.317 255.543 10094 3.42908 4.93071 199.91 56.9649 -13 -2 1 0 1 1.29389e-05 1.87529e-05 0.000494341 0 0 0 
178.032 258.008 10194 3.42889 4.93084 199.91 57.3421 -13 -2 1 0 1 1.25608e-05 1.82035e-05 0.000479965 0 0 0 
179.746 260.474 10294 3.4287 4.93097 199.91 57.7194 -13 -2 1 0 1 1.21972e-05 1.76752e-05 0.000466139 0 0 0 
179.861 260.64 10300.7 3.42869 4.93098 199.91 57.7448 -13 -2 1 0 1 1.21732e-05 1.76404e-05 0.000465228 0 0 0 

# Event -1 Track 1
0 20 -5000 0 0 200 0 -13 -1 1 0 1 -1.47897e-21 -2.41535e-05 0.00405044 0 0 0 
0.00018594 20 -4900 0.000753834 -2.37437e-07 200 0.377251 -13 -1 1 0 1 -2.43306e-10 -2.61703e-05 0.00430194 0 0 0 
0.000764428 20 -4800 0.00157126 -1.0278e-06 200 0.754502 -13 -1 1 0 1 -1.08552e-09 -2.84008e-05 0.00457457 0 0 0 
0.00176894 20 -4700 0.00245913 -2.50756e-06 200 1.13175 -13 -1 1 0 1 -2.7307e-09 -3.08739e-05 0.00487072 0 0 0 
0.00323657 20 -4600 0.00342515 -4.84382e-06 200 1.509 -13 -1 1 0 1 -5.441e-09 -3.36219e-05 0.00519297 0 0 0 
0.00520858 20 -4500 0.00447813 -8.24154e-06 200 1.88625 -13 -1 1 0 1 -9.55268e-09 -3.66806e-05 0.00554411 0 0 0 
0.00773086 20 -4400 0.00562805 -1.29525e-05 200 2.26351 -13 -1 1 0 1 -1.54991e-08 -4.00966e-05 0.00592776 0 0 0 
0.0108547 20 -4300 0.00688627 -1.92867e-05 200 2.64076 -13 -1 1 0 1 -2.38352e-08 -4.3917e-05 0.00634741 0 0 0 
0.0146373 20 -4200 0.00826585 -2.76269e-05 200 3.01801 -13 -1 1 0 1 -3.52781e-08 -4.82028e-05 0.00680757 0 0 0 
0.0191432 20 -4100 0.00978171 -3.84465e-05 200 3.39526 -13 -1 1 0 1 -5.07522e-08 -5.30236e-05 0.00731325 0 0 0 
0.0244446 19.9999 -4000 0.0114511 -5.23334e-05 200 3.77251 -13 -1 1 0 1 -7.14494e-08 -5.8458e-05 0.00786993 0 0 0 
0.0306232 19.9999 -3900 0.0132939 -7.00197e-05 200 4.14976 -13 -1 1 0 1 -9.89279e-08 -6.46095e-05 0.00848477 0 0 0 
0.0377712 19.9999 -3800 0.015333 -9.24197e-05 200 4.52701 -13 -1 1 0 1 -1.35195e-07 -7.15856e-05 0.0091649 0 0 0 
0.0459934 19.9998 -3700 0.0175954 -0.000120681 200 4.90426 -13 -1 1 0 1 -1.82888e-07 -7.95271e-05 0.00991956 0 0 0 
0.0554089 19.9997 -3600 0.0201122 -0.00015625 200 5.28151 -13 -1 1 0 1 -2.45461e-07 -8.85985e-05 0.0107592 0 0 0 
0.0661541 19.9996 -3500 0.0229203 -0.000200955 200 5.65876 -13 -1 1 0 1 -3.27436e-07 -9.89901e-05 0.0116956 0 0 0 
0.0783849 19.9995 -3400 0.0260626 -0.000257121 200 6.03601 -13 -1 1 0 1 -4.34871e-07 -0.000110955 0.0127442 0 0 0 
0.0922809 19.9994 -3300 0.0295903 -0.000327719 200 6.41326 -13 -1 1 0 1 -5.75702e-07 -0.000124768 0.013921 0 0 0 
0.10805 19.9992 -3200 0.0335642 -0.00041657 200 6.79052 -13 -1 1 0 1 -7.60651e-07 -0.000140791 0.0152467 0 0 0 
0.125931 19.999 -3100 0.0380564 -0.000528607 200 7.16777 -13 -1 1 0 1 -1.00411e-06 -0.000159461 0.0167457 0 0 0 
0.146207 19.9987 -3000 0.0431541 -0.000670256 200 7.54502 -13 -1 1 0 1 -1.32545e-06 -0.0001813 0.0184459 0 0 0 
0.169204 19.9983 -2900 0.048962 -0.000849927 200 7.92227 -13 -1 1 0 1 -1.75152e-06 -0.000207013 0.0203847 0 0 0 
0.195308 19.9978 -2800 0.0556075 -0.00107872 200 8.29952 -13 -1 1 0 1 -2.31857e-06 -0.0002374 0.0226021 0 0 0 
0.224977 19.9972 -2700 0.0632461 -0.00137139 200 8.67677 -13 -1 1 0 1 -3.07746e-06 -0.000273542 0.0251516 0 0 0 
0.258751 19.9964 -2600 0.0720688 -0.00174774 200 9.05402 -13 -1 1 0 1 -4.09918e-06 -0.000316787 0.0280972 0 0 0 
0.297282 19.9954 -2500 0.0823125 -0.00223456 200 9.43127 -13 -1 1 0 1 -5.48331e-06 -0.000368812 0.0315158 0 0 0 
0.341349 19.9942 -2400 0.0942722 -0.00286847 200 9.80852 -13 -1 1 0 1 -7.37445e-06 -0.00043195 0.0355117 0 0 0 
0.391901 19.9925 -2300 0.108319 -0.00370003 200 10.1858 -13 -1 1 0 1 -9.97747e-06 -0.000508993 0.0402035 0 0 0 
0.450094 19.9904 -2200 0.124922 -0.00479992 200 10.563 -13 -1 1 0 1 -1.35955e-05 -0.00060383 0.0457524 0 0 0 
0.517349 19.9877 -2100 0.144683 -0.00626802 200 10.9403 -13 -1 1 0 1 -1.86765e-05 -0.000721565 0.0523614 0 0 0 
0.595431 19.9841 -2000 0.168379 -0.0082476 200 11.3175 -13 -1 1 0 1 -2.58886e-05 -0.000868883 0.0602854 0 0 0 
0.68655 19.9793 -1900 0.19702 -0.0109469 200 11.6948 -13 -1 1 0 1 -3.62688e-05 -0.00105546 0.0698822 0 0 0 
0.793495 19.973 -1800 0.231938 -0.0146732 200 12.072 -13 -1 1 0 1 -5.13969e-05 -0.0012937 0.0815873 0 0 0 
0.919828 19.9644 -1700 0.274911 -0.0198888 200 12.4493 -13 -1 1 0 1 -7.37974e-05 -0.00160174 0.0960165 0 0 0 
1.07014 19.9527 -1600 0.328324 -0.0273 200 12.8265 -13 -1 1 0 1 -0.00010753 -0.00200489 0.113994 0 0 0 
1.25043 19.9365 -1500 0.395442 -0.0380104 200 13.2038 -13 -1 1 0 1 -0.000159223 -0.00253862 0.136624 0 0 0 
1.46861 19.9139 -1400 0.480751 -0.0537792 199.999 13.581 -13 -1 1 0 1 -0.00024021 -0.00325718 0.165541 0 0 0 
1.73524 19.8815 -1300 0.590493 -0.0774768 199.999 13.9583 -13 -1 1 0 1 -0.0003697 -0.00423583 0.202916 0 0 0 
2.06461 19.8343 -1200 0.733446 -0.11391 199.999 14.3355 -13 -1 1 0 1 -0.000581928 -0.00559045 0.252003 0 0 0 
2.47624 19.7641 -1100 0.92189 -0.171322 199.998 14.7128 -13 -1 1 0 1 -0.000938774 -0.00749281 0.317517 0 0 0 
2.99691 19.6571 -1000 1.17298 -0.264251 199.996 15.09 -13 -1 1 0 1 -0.00155401 -0.0101929 0.406304 0 0 0 
3.66345 19.4897 -900.006 1.50967 -0.418919 199.994 15.4673 -13 -1 1 0 1 -0.002645 -0.0140715 0.52912 0 0 0 
4.52548 19.2201 -800.011 1.95975 -0.683487 199.989 15.8445 -13 -1 1 0 1 -0.00461799 -0.019613 0.701294 0 0 0 
5.64626 18.7734 -700.018 2.54714 -1.14681 199.98 16.2218 -13 -1 1 0 1 -0.00823124 -0.0273683 0.94626 0 0 0 
7.09381 18.0143 -600.031 3.25765 -1.9674 199.964 16.599 -13 -1 1 0 1 -0.0147715 -0.0375112 1.29677 0 0 0 
8.90116 16.7048 -500.057 3.94012 -3.39727 199.932 16.9763 -13 -1 1 0 1 -0.0258929 -0.0485932 1.79218 0 0 0 
10.9477 14.4692 -400.103 4.08239 -5.70197 199.877 17.3535 -13 -1 1 0 1 -0.0418508 -0.055313 2.4666 0 0 0 
12.7076 10.8798 -300.184 2.55479 -8.69311 199.795 17.7308 -13 -1 1 0 1 -0.0563061 -0.0482075 3.30185 0 0 0 
13.0014 5.93126 -200.31 -1.9069 -10.6805 199.706 18.108 -13 -1 1 0 1 -0.0534344 -0.0243769 4.17568 0 0 0 
10.4442 0.92565 -100.473 -8.34472 -8.37725 199.65 18.4853 -13 -1 1 0 1 -0.0262219 -0.00232399 4.85665 0 0 0 
5.12544 -1.50825 -0.651842 -11.9977 -0.689972 199.639 18.8625 -13 -1 1 0 1 -8.9034e-05 2.61998e-05 5.11763 0 0 0 
-0.428981 0.365236 99.1676 -9.17553 7.74723 199.639 19.2398 -13 -1 1 0 1 -0.00106491 0.00090667 4.86158 0 0 0 
-3.40867 5.44208 198.988 -2.58063 11.634 199.645 19.617 -13 -1 1 0 1 -0.013963 0.0222925 4.18583 0 0 0 
-3.2282 11.2342 298.817 2.84993 11.0272 199.675 19.9943 -13 -1 1 0 1 -0.014313 0.0498094 3.31408 0 0 0 
-1.04262 16.222 398.667 5.4645 8.87916 199.728 20.3715 -13 -1 1 0 1 -0.00399791 0.0622034 2.47801 0 0 0 
1.91576 20.1728 498.545 6.15364 7.03557 199.782 20.7488 -13 -1 1 0 1 0.00559916 0.0589586 1.80089 0 0 0 
4.97622 23.374 598.447 6.01422 5.87496 199.823 21.126 -13 -1 1 0 1 0.0104163 0.0489268 1.30255 0 0 0 
7.89228 26.1343 698.366 5.63671 5.23373 199.852 21.5033 -13 -1 1 0 1 0.0115688 0.0383086 0.950205 0 0 0 
10.6121 28.6591 798.297 5.24912 4.90331 199.871 21.8805 -13 -1 1 0 1 0.0108857 0.029398 0.703814 0 0 0 
13.1511 31.0657 898.236 4.918 4.74326 199.883 22.2578 -13 -1 1 0 1 0.00954155 0.0225392 0.530791 0 0 0 
15.541 33.4172 998.18 4.65181 4.67326 199.891 22.6351 -13 -1 1 0 1 0.00809534 0.0174071 0.407427 0 0 0 
17.8123 35.7466 1098.13 4.44175 4.64998 199.897 23.0123 -13 -1 1 0 1 0.00677989 0.0136062 0.318229 0 0 0 
19.9902 38.071 1198.08 4.27631 4.65039 199.9 23.3896 -13 -1 1 0 1 0.00565615 0.0107721 0.252512 0 0 0 
22.0943 40.3989 1298.03 4.14521 4.66235 199.903 23.7668 -13 -1 1 0 1 0.00472375 0.00863727 0.203256 0 0 0 
24.1397 42.7342 1397.98 4.04041 4.67939 199.904 24.1441 -13 -1 1 0 1 0.00396126 0.00701255 0.165785 0 0 0 
26.138 45.0786 1497.93 3.95578 4.69814 199.906 24.5213 -13 -1 1 0 1 0.00333842 0.00575755 0.136799 0 0 0 
28.0981 47.4323 1597.88 3.88671 4.71684 199.907 24.8986 -13 -1 1 0 1 0.00283092 0.00477887 0.114108 0 0 0 
30.0268 49.7952 1697.84 3.82975 4.73465 199.907 25.2758 -13 -1 1 0 1 0.00241531 0.00400546 0.0961035 0 0 0 
31.9294 52.1668 1797.79 3.78233 4.75118 199.908 25.6531 -13 -1 1 0 1 0.00207308 0.00338702 0.0816458 0 0 0 
33.8104 54.5462 1897.75 3.74248 4.7663 199.908 26.0303 -13 -1 1 0 1 0.00179019 0.0028881 0.0699261 0 0 0 
35.6729 56.9328 1997.7 3.70873 4.78002 199.909 26.4076 -13 -1 1 0 1 0.00155435 0.00248069 0.0603175 0 0 0 
37.5199 59.326 2097.65 3.67991 4.79242 199.909 26.7848 -13 -1 1 0 1 0.00135708 0.0021458 0.0523806 0 0 0 
39.3535 61.725 2197.61 3.65512 4.80361 199.909 27.1621 -13 -1 1 0 1 0.00119094 0.00186796 0.0457668 0 0 0 
41.1756 64.1294 2297.56 3.63366 4.81368 199.909 27.5393 -13 -1 1 0 1 0.0010501 0.00163549 0.0402114 0 0 0 
42.9876 66.5386 2397.52 3.61497 4.82277 199.909 27.9166 -13 -1 1 0 1 0.00093026 0.00143991 0.0355172 0 0 0 
44.7909 68.952 2497.47 3.59859 4.83098 199.909 28.2938 -13 -1 1 0 1 0.000827486 0.00127385 0.031519 0 0 0 
46.5866 71.3694 2597.43 3.58416 4.83839 199.909 28.6711 -13 -1 1 0 1 0.000739094 0.00113227 0.0280969 0 0 0 
48.3754 73.7903 2697.38 3.5714 4.84511 199.909 29.0483 -13 -1 1 0 1 0.000662662 0.0010108 0.0251506 0 0 0 
50.1582 76.2144 2797.34 3.56004 4.8512 199.91 29.4256 -13 -1 1 0 1 0.00059622 0.000905944 0.0225994 0 0 0 
51.9356 78.6414 2897.29 3.54991 4.85674 199.91 29.8028 -13 -1 1 0 1 0.00053831 0.000815115 0.0203818 0 0 0 
53.7083 81.0711 2997.25 3.54082 4.86179 199.91 30.1801 -13 -1 1 0 1 0.000487502 0.00073587 0.0184427 0 0 0 
55.4766 83.5031 3097.2 3.53264 4.8664 199.91 30.5573 -13 -1 1 0 1 0.000442836 0.000666555 0.0167414 0 0 0 
57.241 85.9374 3197.15 3.52526 4.87062 199.91 30.9346 -13 -1 1 0 1 0.000403411 0.000605652 0.0152425 0 0 0 
59.002 88.3737 3297.11 3.51857 4.87448 199.91 31.3118 -13 -1 1 0 1 0.000368463 0.000551888 0.0139163 0 0 0 
60.7597 90.8118 3397.06 3.51249 4.87803 199.91 31.6891 -13 -1 1 0 1 0.000337433 0.00050433 0.0127399 0 0 0 
62.5145 93.2517 3497.02 3.50696 4.8813 199.91 32.0663 -13 -1 1 0 1 0.000309727 0.000462013 0.0116914 0 0 0 
64.2667 95.6931 3596.97 3.5019 4.88431 199.91 32.4436 -13 -1 1 0 1 0.000284954 0.000424296 0.0107546 0 0 0 
66.0165 98.136 3696.93 3.49726 4.88709 199.91 32.8208 -13 -1 1 0 1 0.000262738 0.00039057 0.00991522 0 0 0 
67.7641 100.58 3796.88 3.493 4.88967 199.91 33.1981 -13 -1 1 0 1 0.000242745 0.000360299 0.00916046 0 0 0 
69.5096 103.026 3896.84 3.48908 4.89206 199.91 33.5753 -13 -1 1 0 1 0.000224733 0.000333095 0.00848063 0 0 0 
71.2532 105.472 3996.79 3.48546 4.89427 199.91 33.9526 -13 -1 1 0 1 0.000208433 0.000308532 0.00786598 0 0 0 
72.9951 107.92 4096.75 3.48212 4.89633 199.91 34.3298 -13 -1 1 0 1 0.000193663 0.000286321 0.00730923 0 0 0 
74.7354 110.368 4196.7 3.47903 4.89825 199.91 34.7071 -13 -1 1 0 1 0.000180251 0.000266193 0.00680377 0 0 0 
76.4741 112.818 4296.66 3.47615 4.90004 199.91 35.0843 -13 -1 1 0 1 0.000168036 0.000247895 0.00634363 0 0 0 
78.2115 115.269 4396.61 3.47348 4.90172 199.91 35.4616 -13 -1 1 0 1 0.000156904 0.000231246 0.00592421 0 0 0 
79.9477 117.72 4496.57 3.47099 4.90328 199.91 35.8388 -13 -1 1 0 1 0.000146722 0.000216042 0.00554074 0 0 0 
81.6826 120.172 4596.52 3.46867 4.90475 199.91 36.2161 -13 -1 1 0 1 0.000137397 0.000202139 0.00518962 0 0 0 
83.4164 122.624 4696.48 3.46651 4.90612 199.91 36.5933 -13 -1 1 0 1 0.000128844 0.000189405 0.00486754 0 0 0 
85.1491 125.078 4796.43 3.46448 4.90741 199.91 36.9706 -13 -1 1 0 1 0.00012098 0.000177711 0.00457146 0 0 0 
86.8808 127.532 4896.39 3.46258 4.90863 199.91 37.3478 -13 -1 1 0 1 0.000113746 0.000166967 0.00429899 0 0 0 
88.6117 129.986 4996.34 3.46079 4.90977 199.91 37.7251 -13 -1 1 0 1 0.000107071 0.000157066 0.00404765 0 0 0 
90.3417 132.442 5096.3 3.45912 4.91084 199.91 38.1023 -13 -1 1 0 1 0.000100906 0.000147929 0.00381548 0 0 0 
92.0708 134.897 5196.25 3.45754 4.91186 199.91 38.4796 -13 -1 1 0 1 9.52043e-05 0.000139488 0.00360075 0 0 0 
93.7992 137.353 5296.21 3.45606 4.91282 199.91 38.8568 -13 -1 1 0 1 8.99208e-05 0.000131674 0.00340177 0 0 0 
95.5269 139.81 5396.16 3.45466 4.91373 199.91 39.2341 -13 -1 1 0 1 8.50228e-05 0.000124437 0.00321723 0 0 0 
97.2539 142.267 5496.12 3.45334 4.91458 199.91 39.6113 -13 -1 1 0 1 8.04714e-05 0.000117717 0.00304575 0 0 0 
98.9802 144.725 5596.07 3.45209 4.9154 199.91 39.9886 -13 -1 1 0 1 7.62368e-05 0.00011147 0.00288621 0 0 0 
100.706 147.183 5696.03 3.45091 4.91617 199.91 40.3658 -13 -1 1 0 1 7.22944e-05 0.000105659 0.00273763 0 0 0 
102.431 149.641 5795.98 3.44979 4.9169 199.91 40.7431 -13 -1 1 0 1 6.86172e-05 0.000100242 0.00259904 0 0 0 
104.156 152.099 5895.94 3.44873 4.91759 199.91 41.1203 -13 -1 1 0 1 6.51862e-05 9.51919e-05 0.00246968 0 0 0 
105.88 154.558 5995.89 3.44773 4.91825 199.91 41.4976 -13 -1 1 0 1 6.19789e-05 9.04739e-05 0.00234874 0 0 0 
107.604 157.018 6095.85 3.44677 4.91888 199.91 41.8748 -13 -1 1 0 1 5.8977e-05 8.60607e-05 0.00223554 0 0 0 
109.327 159.477 6195.8 3.44586 4.91948 199.91 42.2521 -13 -1 1 0 1 5.61662e-05 8.19309e-05 0.00212952 0 0 0 
111.049 161.937 6295.76 3.445 4.92005 199.91 42.6293 -13 -1 1 0 1 5.35298e-05 7.80596e-05 0.00203007 0 0 0 
112.772 164.397 6395.71 3.44418 4.92059 199.91 43.0066 -13 -1 1 0 1 5.10567e-05 7.44299e-05 0.00193673 0 0 0 
114.494 166.858 6495.67 3.4434 4.92111 199.91 43.3838 -13 -1 1 0 1 4.87328e-05 7.1021e-05 0.00184902 0 0 0 
116.215 169.318 6595.62 3.44265 4.9216 199.91 43.7611 -13 -1 1 0 1 4.65469e-05 6.7816e-05 0.00176651 0 0 0 
117.936 171.779 6695.58 3.44194 4.92207 199.91 44.1383 -13 -1 1 0 1 4.449e-05 6.48017e-05 0.00168884 0 0 0 
119.657 174.241 6795.53 3.44126 4.92253 199.91 44.5156 -13 -1 1 0 1 4.25517e-05 6.19623e-05 0.00161565 0 0 0 
121.377 176.702 6895.49 3.44061 4.92296 199.91 44.8929 -13 -1 1 0 1 4.07248e-05 5.92874e-05 0.00154663 0 0 0 
123.098 179.163 6995.44 3.43999 4.92337 199.91 45.2701 -13 -1 1 0 1 3.90007e-05 5.67638e-05 0.00148149 0 0 0 
124.817 181.625 7095.4 3.43939 4.92377 199.91 45.6474 -13 -1 1 0 1 3.73719e-05 5.43808e-05 0.00141994 0 0 0 
126.537 184.087 7195.35 3.43882 4.92415 199.91 46.0246 -13 -1 1 0 1 3.58327e-05 5.21297e-05 0.00136176 0 0 0 
128.256 186.549 7295.3 3.43828 4.92451 199.91 46.4019 -13 -1 1 0 1 3.43763e-05 5.00004e-05 0.0013067 0 0 0 
129.975 189.012 7395.26 3.43775 4.92486 199.91 46.7791 -13 -1 1 0 1 3.29981e-05 4.79862e-05 0.00125459 0 0 0 
131.694 191.474 7495.21 3.43725 4.9252 199.91 47.1564 -13 -1 1 0 1 3.16923e-05 4.60785e-05 0.0012052 0 0 0 
133.413 193.937 7595.17 3.43677 4.92552 199.91 47.5336 -13 -1 1 0 1 3.04542e-05 4.42702e-05 0.00115836 0 0 0 
135.131 196.4 7695.12 3.43631 4.92583 199.91 47.9109 -13 -1 1 0 1 2.92799e-05 4.25555e-05 0.00111393 0 0 0 
136.849 198.863 7795.08 3.43587 4.92613 199.91 48.2881 -13 -1 1 0 1 2.81647e-05 4.09277e-05 0.00107172 0 0 0 
138.567 201.326 7895.03 3.43544 4.92641 199.91 48.6654 -13 -1 1 0 1 2.71057e-05 3.93823e-05 0.00103163 0 0 0 
140.284 203.789 7994.99 3.43503 4.92669 199.91 49.0426 -13 -1 1 0 1 2.6099e-05 3.79137e-05 0.000993518 0 0 0 
142.002 206.253 8094.94 3.43463 4.92695 199.91 49.4199 -13 -1 1 0 1 2.51413e-05 3.65169e-05 0.000957251 0 0 0 
143.719 208.716 8194.9 3.43425 4.92721 199.91 49.7971 -13 -1 1 0 1 2.42299e-05 3.5188e-05 0.000922731 0 0 0 
145.436 211.18 8294.85 3.43389 4.92746 199.91 50.1744 -13 -1 1 0 1 2.33618e-05 3.39225e-05 0.000889845 0 0 0 
147.153 213.644 8394.81 3.43354 4.92769 199.91 50.5516 -13 -1 1 0 1 2.25348e-05 3.27172e-05 0.000858508 0 0 0 
148.87 216.108 8494.76 3.4332 4.92792 199.91 50.9289 -13 -1 1 0 1 2.17464e-05 3.15683e-05 0.000828623 0 0 0 
150.586 218.572 8594.72 3.43287 4.92814 199.91 51.3061 -13 -1 1 0 1 2.09941e-05 3.04724e-05 0.000800107 0 0 0 
152.302 221.036 8694.67 3.43255 4.92836 199.91 51.6834 -13 -1 1 0 1 2.02762e-05 2.94267e-05 0.000772886 0 0 0 
154.019 223.5 8794.63 3.43225 4.92856 199.91 52.0606 -13 -1 1 0 1 1.95904e-05 2.84281e-05 0.000746882 0 0 0 
155.735 225.964 8894.58 3.43195 4.92876 199.91 52.4379 -13 -1 1 0 1 1.89353e-05 2.74743e-05 0.000722034 0 0 0 
157.451 228.429 8994.54 3.43167 4.92896 199.91 52.8151 -13 -1 1 0 1 1.83091e-05 2.65627e-05 0.000698276 0 0 0 
159.166 230.893 9094.49 3.43139 4.92914 199.91 53.1924 -13 -1 1 0 1 1.771e-05 2.56909e-05 0.000675546 0 0 0 
160.882 233.358 9194.45 3.43112 4.92932 199.91 53.5696 -13 -1 1 0 1 1.71369e-05 2.48569e-05 0.000653794 0 0 0 
162.597 235.822 9294.4 3.43087 4.9295 199.91 53.9469 -13 -1 1 0 1 1.65881e-05 2.40584e-05 0.000632963 0 0 0 
164.313 238.287 9394.36 3.43062 4.92967 199.91 54.3241 -13 -1 1 0 1 1.60625e-05 2.32939e-05 0.000613009 0 0 0 
166.028 240.752 9494.31 3.43038 4.92983 199.91 54.7014 -13 -1 1 0 1 1.55589e-05 2.25614e-05 0.000593885 0 0 0 
167.743 243.217 9594.27 3.43014 4.92999 199.91 55.0786 -13 -1 1 0 1 1.5076e-05 2.18592e-05 0.000575546 0 0 0 
169.458 245.682 9694.22 3.42992 4.93014 199.91 55.4559 -13 -1 1 0 1 1.4613e-05 2.1186e-05 0.000557957 0 0 0 
171.173 248.147 9794.18 3.4297 4.93029 199.91 55.8331 -13 -1 1 0 1 1.41686e-05 2.054e-05 0.000541074 0 0 0 
172.888 250.612 9894.13 3.42949 4.93043 199.91 56.2104 -13 -1 1 0 1 1.3742e-05 1.992e-05 0.000524866 0 0 0 
174.603 253.078 9994.09 3.42928 4.93057 199.91 56.5876 -13 -1 1 0 1 1.33325e-05 1.93248e-05 0.0005093 0 0 0 
176.317 255.543 10094 3.42908 4.93071 199.91 56.9649 -13 -1 1 0 1 1.29389e-05 1.87529e-05 0.000494341 0 0 0 
178.032 258.008 10194 3.42889 4.93084 199.91 57.3421 -13 -1 1 0 1 1.25608e-05 1.82035e-05 0.000479965 0 0 0 
179.746 260.474 10294 3.4287 4.93097 199.91 57.7194 -13 -1 1 0 1 1.21972e-05 1.76752e-05 0.000466139 0 0 0 
179.861 260.64 10300.7 3.42869 4.93098 199.91 57.7448 -13 -1 1 0 1 1.21732e-05 1.76404e-05 0.000465228 0 0 0 

