#BLTrackFile VirtualDetector/Det9
#x y z Px Py Pz t PDGid EventID TrackID ParentID Weight
#mm mm mm MeV/c MeV/c MeV/c ns - - - - -
22.7292 16.7702 33600.5 -38.3462 6.40986 196.187 129.101 -13 1 1 0 1
-10.4861 4.19537 33600.5 5.97993 -17.5085 199.144 129.019 -13 2 1 0 1
26.2698 -53.3991 33600.5 23.0298 7.69495 198.523 127.276 -13 3 1 0 1
-35.7499 -62.0985 33600.5 34.7482 12.8155 196.543 128.418 -13 4 1 0 1
-117.706 60.001 33600.5 34.1401 -58.1063 188.307 134.025 -13 5 1 0 1
-24.8384 -9.33218 33600.5 7.75708 -6.63775 199.74 127.298 -13 6 1 0 1
76.6345 79.1031 33600.5 -50.5481 3.1132 193.484 130.678 -13 8 1 0 1
-20.3928 9.65271 33600.5 9.23346 -1.28433 199.784 126.616 -13 9 1 0 1
-52.019 1.51973 33600.5 -11.1662 -19.8391 198.702 128.094 -13 10 1 0 1
64.3755 -92.7752 33600.5 11.3417 34.1132 196.745 130.383 -13 11 1 0 1
-93.5704 9.76848 33600.5 19.2659 -22.4668 197.8 128.747 -13 12 1 0 1
-26.7369 19.1994 33600.5 -3.10929 -11.3613 199.654 128.501 -13 13 1 0 1
-40.5843 -66.4697 33600.5 31.7853 3.6097 197.427 129.01 -13 14 1 0 1
17.8399 -9.52692 33600.5 13.7579 -10.108 199.272 125.581 -13 15 1 0 1
-7.58318 49.0461 33600.5 -7.13079 18.6148 199.006 128.882 -13 16 1 0 1
-76.4132 26.7163 33600.5 -12.1242 -26.2182 197.905 129.434 -13 17 1 0 1
-17.7197 14.8111 33600.5 -7.95248 18.3882 198.996 127.792 -13 18 1 0 1
22.0459 60.8104 33600.5 -5.01024 13.8499 199.459 128.034 -13 19 1 0 1
-5.03352 8.30915 33600.5 7.49833 -13.9712 199.372 127.578 -13 20 1 0 1
-13.5607 -0.721829 33600.5 2.65325 8.73882 199.792 125.769 -13 21 1 0 1
-10.4763 -70.9469 33600.5 22.5234 11.2858 198.409 126.811 -13 22 1 0 1
109.468 12.6477 33600.5 -30.45 29.1055 195.516 131.58 -13 23 1 0 1
-56.6881 -57.7582 33600.5 28.8612 3.42221 197.879 129.294 -13 24 1 0 1
53.3934 -14.6253 33600.5 11.6564 16.6363 198.968 126.489 -13 25 1 0 1
25.1559 35.2186 33600.5 -32.5071 -17.5642 196.56 129.21 -13 26 1 0 1
53.4325 -46.4304 33600.5 34.4603 2.76508 196.992 128.664 -13 27 1 0 1
-15.5106 39.6346 33600.5 -13.014 15.3266 198.989 127.186 -13 28 1 0 1
-35.3623 1.17482 33600.5 38.9485 0.930164 196.171 128.952 -13 29 1 0 1
5.7848 31.8708 33600.5 -19.5152 2.95375 199.026 126.948 -13 30 1 0 1
84.2465 47.046 33600.5 7.61878 46.6166 194.345 130.378 -13 31 1 0 1
60.2343 3.02208 33600.5 -25.1724 26.9937 196.567 128.608 -13 32 1 0 1
-66.0755 42.6285 33600.5 -17.3397 -10.9613 198.947 127.548 -13 33 1 0 1
-4.62696 95.7843 33600.5 -22.2547 -17.607 197.979 128.02 -13 34 1 0 1
1.74509 29.2599 33600.5 7.80065 13.9661 199.361 128.005 -13 35 1 0 1
6.61465 36.8524 33600.5 -0.191668 21.3644 198.858 127.934 -13 36 1 0 1
-4.96669 11.0129 33600.5 4.9458 3.12879 199.915 127.75 -13 37 1 0 1
-50.5433 76.8975 33600.5 -20.5367 -12.5314 198.55 128.826 -13 38 1 0 1
25.3909 43.5917 33600.5 3.26198 16.1138 199.325 125.734 -13 39 1 0 1
4.33191 9.85439 33600.5 -9.54985 -9.90989 199.528 127.89 -13 40 1 0 1
-36.3043 19.8523 33600.5 12.4421 -9.80506 199.373 127.829 -13 41 1 0 1
-81.5904 -26.9859 33600.5 30.4178 -10.9889 197.37 130.312 -13 42 1 0 1
-46.7594 6.02984 33600.5 -11.2005 -1.0397 199.685 128.788 -13 43 1 0 1
48.574 -101.493 33600.5 33.6067 26.2575 195.402 128.448 -13 44 1 0 1
-26.0341 14.5266 33600.5 6.06828 -2.83294 199.889 124.64 -13 45 1 0 1
-4.27756 26.4638 33600.5 32.1587 -10.135 197.139 129.062 -13 46 1 0 1
-11.7947 -26.554 33600.5 15.9016 -17.7512 198.577 129.503 -13 47 1 0 1
-37.1349 -45.3746 33600.5 14.0184 -18.2344 198.675 128.071 -13 48 1 0 1
15.8607 23.024 33600.5 -9.1698 5.52123 199.715 127.876 -13 49 1 0 1
-75.9753 7.21948 33600.5 29.8509 -20.1557 196.732 129.832 -13 50 1 0 1
-7.72642 28.6337 33600.5 -5.61881 -10.8337 199.629 127.134 -13 51 1 0 1
52.6746 -10.4813 33600.5 12.8753 23.0896 198.247 128.545 -13 52 1 0 1
0.173019 28.3168 33600.5 -1.38251 -11.4812 199.667 125.397 -13 53 1 0 1
27.4548 35.8993 33600.5 8.07625 16.24 199.178 128.33 -13 54 1 0 1
8.64658 97.8382 33600.5 -20.2044 55.5235 191.077 135.394 -13 55 1 0 1
24.0912 14.0444 33600.5 -36.5869 18.7932 195.727 128.253 -13 56 1 0 1
-126.617 1.84643 33600.5 -27.5305 -25.6826 196.428 135.525 -13 57 1 0 1
16.8375 10.7333 33600.5 -29.7063 -15.2992 197.191 130.74 -13 58 1 0 1
77.2126 -10.7179 33600.5 -39.5651 31.0724 193.572 130.47 -13 59 1 0 1
-39.5666 -16.7435 33600.5 16.2954 23.8516 197.905 129.645 -13 60 1 0 1
-20.3622 24.1743 33600.5 2.03429 -3.82845 199.954 125.841 -13 61 1 0 1
36.505 74.2209 33600.5 -16.9871 5.49612 199.204 128.62 -13 62 1 0 1
-10.3908 17.1037 33600.5 24.9514 -30.733 196.045 130.099 -13 63 1 0 1
-3.08879 27.8015 33600.5 -18.0307 -3.61526 199.155 126.957 -13 64 1 0 1
-12.4747 -4.2804 33600.5 0.13524 12.2166 199.628 129.331 -13 65 1 0 1
-30.2241 -4.61119 33600.5 11.2146 3.12436 199.662 126.751 -13 66 1 0 1
-67.3568 68.9425 33600.5 -3.28438 -35.252 196.844 129.863 -13 67 1 0 1
6.80043 42.8042 33600.5 3.30378 36.5008 196.616 129.662 -13 68 1 0 1
27.2084 102.554 33600.5 -44.8949 -27.1832 192.994 130.187 -13 69 1 0 1
-29.7793 12.0784 33600.5 -19.228 -0.790442 199.074 127.226 -13 70 1 0 1
1.55051 -116.451 33600.5 34.7626 28.4515 194.893 131.159 -13 71 1 0 1
-14.4902 15.1518 33600.5 29.2211 20.2207 196.82 129.943 -13 72 1 0 1
-6.44813 8.97094 33600.5 -1.22569 0.938398 199.995 127.107 -13 73 1 0 1
3.00139 14.0276 33600.5 11.8145 18.9553 198.751 128.258 -13 74 1 0 1
-14.3071 -9.33154 33600.5 6.72955 6.42876 199.784 127.708 -13 75 1 0 1
-21.057 60.5687 33600.5 -3.12417 -38.9638 196.145 128.843 -13 76 1 0 1
-36.9098 -49.8008 33600.5 11.2917 -12.4044 199.297 128.889 -13 77 1 0 1
-14.4515 3.79471 33600.5 -3.70694 -20.9499 198.867 126.005 -13 78 1 0 1
-18.8922 -1.96607 33600.5 -16.1295 -10.0704 199.096 126.524 -13 79 1 0 1
-39.1768 -57.8523 33600.5 35.3862 13.1923 196.404 130.306 -13 80 1 0 1
14.1142 7.46311 33600.5 35.1354 -14.1703 196.381 129.848 -13 81 1 0 1
0.894827 3.86517 33600.5 11.4123 -14.8875 199.12 127.987 -13 82 1 0 1
48.4405 54.5804 33600.5 10.5252 30.5056 197.382 130.363 -13 83 1 0 1
-68.6911 -48.3275 33600.5 24.8135 -13.7587 197.979 129.376 -13 84 1 0 1
-24.1752 14.0549 33600.5 -0.660181 31.6256 197.485 130.859 -13 85 1 0 1
41.6258 76.0214 33600.5 -28.7431 10.0862 197.669 128.02 -13 86 1 0 1
-16.3641 -24.7921 33600.5 -3.05433 -12.213 199.605 127.649 -13 87 1 0 1
-5.95385 53.9504 33600.5 -8.51282 15.6 199.211 126.668 -13 88 1 0 1
-3.04854 21.1423 33600.5 -3.24792 -3.62734 199.942 126.607 -13 89 1 0 1
-31.2576 -3.91118 33600.5 18.3263 -7.11503 199.033 126.676 -13 90 1 0 1
16.6547 132.239 33600.5 -44.3255 -72.8669 180.906 138.056 -13 91 1 0 1
12.0761 1.78406 33600.5 -9.66911 5.34169 199.696 130 -13 92 1 0 1
54.0883 50.0129 33600.5 -35.6531 6.34477 196.696 127.797 -13 93 1 0 1
-63.3392 6.65444 33600.5 -11.2101 -11.0748 199.38 127.222 -13 94 1 0 1
11.366 80.0268 33600.5 -25.3683 -16.9747 197.659 130.065 -13 95 1 0 1
38.513 35.3332 33600.5 5.13963 10.4536 199.662 129.173 -13 96 1 0 1
-55.2204 -27.8905 33600.5 0.657658 -19.0518 199.091 127.613 -13 97 1 0 1
-9.07436 4.3159 33600.5 -5.42379 -18.6733 199.054 128.106 -13 98 1 0 1
-8.73175 -5.90028 33600.5 13.9685 -37.584 195.942 129.645 -13 99 1 0 1
-0.534153 29.4329 33600.5 -6.57062 -1.40566 199.888 128.535 -13 100 1 0 1
