# AllTracks
#x y z Px Py Pz t PDGid EventID TrackID ParentID Weight Bx By Bz Ex Ey Ez
# Event -2 Track 1
10 0 -700 0 0 200 0 -13 -2 1 0 1 8.75328e-05 -4.01734e-05 1.97744 0 0 0 
10.0004 0.000783854 -600 0.00171936 0.00342004 199.298 0.377251 -13 -2 1 0 1 0.000163111 -4.40296e-05 1.9751 0 0 0 
10.002 0.00384083 -500 0.00489283 0.00926656 198.594 0.754792 -13 -2 1 0 1 0.000301866 -4.82922e-05 1.97063 0 0 0 
10.0057 0.01082 -400 0.0104848 0.0192241 197.889 1.13263 -13 -2 1 0 1 0.000526161 -5.27893e-05 1.96252 0 0 0 
10.0132 0.0242237 -300 0.0199198 0.0346205 197.183 1.51076 -13 -2 1 0 1 0.000796491 -5.70627e-05 1.94951 0 0 0 
10.0268 0.0464712 -200 0.0345084 0.0526116 196.476 1.88919 -13 -2 1 0 1 0.000865386 -6.13991e-05 1.93228 0 0 0 
10.0491 0.0755321 -100 0.053062 0.0562674 195.767 2.26793 -13 -2 1 0 1 1.04654e-05 -7.26864e-05 1.92115 0 0 0 
10.0802 0.0941613 -1.8748e-05 0.0662082 0.00186574 195.057 2.64698 -13 -2 1 0 1 -0.00281397 -0.000107472 1.94563 0 0 0 
10.1117 0.0570861 100 0.0474966 -0.169039 194.345 3.02633 -13 -2 1 0 1 -0.00755148 -0.000133374 2.04672 0 0 0 
10.1151 -0.102068 200 -0.0525813 -0.462659 193.632 3.40601 -13 -2 1 0 1 -0.0115324 1.49318e-05 2.24046 0 0 0 
10.0342 -0.420426 299.999 -0.282498 -0.745908 192.916 3.786 -13 -2 1 0 1 -0.0101417 0.00031175 2.46858 0 0 0 
9.80606 -0.82652 399.998 -0.596668 -0.746366 192.2 4.16631 -13 -2 1 0 1 -0.000296958 -0.000100975 2.58816 0 0 0 
9.43553 -1.10674 499.997 -0.779621 -0.238578 191.483 4.54696 -13 -2 1 0 1 0.0159232 -0.00200832 2.43253 0 0 0 
9.05401 -0.990945 599.996 -0.617148 0.74307 190.764 4.92793 -13 -2 1 0 1 0.0324318 -0.00370811 1.90318 0 0 0 
8.83263 -0.277221 699.993 -0.219029 2.00821 190.035 5.30924 -13 -2 1 0 1 0.0446772 -0.00158372 1.02933 0 0 0 
8.77857 1.15731 799.983 -0.0873666 3.4588 189.293 5.69089 -13 -2 1 0 1 0.0512998 0.00655333 -0.0716926 0 0 0 
8.56673 3.3868 899.957 -0.935142 4.93056 188.534 6.07288 -13 -2 1 0 1 0.0502246 0.0196179 -1.2545 0 0 0 
7.51439 6.25825 999.91 -3.2691 5.63943 187.763 6.45523 -13 -2 1 0 1 0.0367351 0.0303481 -2.3479 0 0 0 
4.93076 9.00115 1099.84 -6.38385 4.197 186.993 6.83792 -13 -2 1 0 1 0.0131674 0.0238917 -3.12484 0 0 0 
0.969371 10.3018 1199.75 -7.9452 0.412051 186.251 7.22097 -13 -2 1 0 1 -0.000648541 -0.00522453 -3.35445 0 0 0 
-3.02919 9.44693 1299.66 -6.48145 -3.31778 185.548 7.60439 -13 -2 1 0 1 0.0108182 -0.0351456 -2.92499 0 0 0 
-5.74362 7.16988 1399.6 -3.5668 -4.67308 184.866 7.98817 -13 -2 1 0 1 0.0339364 -0.0432991 -1.9265 0 0 0 
-7.03965 4.77982 1499.56 -1.45711 -3.91622 184.179 8.37232 -13 -2 1 0 1 0.0489158 -0.033681 -0.578185 0 0 0 
-7.57414 3.0587 1599.54 -0.695725 -2.36671 183.475 8.75685 -13 -2 1 0 1 0.0512718 -0.0203529 0.881357 0 0 0 
-7.92119 2.2096 1699.54 -0.614344 -0.769965 182.752 9.14177 -13 -2 1 0 1 0.0422924 -0.010369 2.22232 0 0 0 
-8.22493 2.15326 1799.54 -0.439525 0.458202 182.015 9.52707 -13 -2 1 0 1 0.0211825 -0.00332615 3.18376 0 0 0 
-8.35939 2.54657 1899.54 -0.0550845 0.782818 181.274 9.91276 -13 -2 1 0 1 -0.0092044 0.00516787 3.51394 0 0 0 
-8.36441 2.81751 1999.54 -0.088242 0.0526797 180.533 10.2988 -13 -2 1 0 1 -0.0387892 0.0154379 3.09733 0 0 0 
-8.60446 2.49508 2099.54 -0.879418 -1.27547 179.782 10.6853 -13 -2 1 0 1 -0.060532 0.0205509 2.03973 0 0 0 
-9.38415 1.32213 2199.53 -1.86671 -3.02202 179.007 11.0722 -13 -2 1 0 1 -0.0752877 0.014921 0.587484 0 0 0 
-10.5127 -1.01751 2299.49 -1.88155 -5.4544 178.201 11.4596 -13 -2 1 0 1 -0.0819725 -0.00193199 -0.994339 0 0 0 
-11.0285 -4.83457 2399.42 0.553244 -7.97821 177.364 11.8473 -13 -2 1 0 1 -0.0696835 -0.0231621 -2.45468 0 0 0 
-9.36171 -9.52289 2499.29 5.60057 -7.91664 176.526 12.2355 -13 -2 1 0 1 -0.0313262 -0.0252103 -3.51282 0 0 0 
-4.87728 -12.8523 2599.13 9.57529 -3.13542 175.75 12.624 -13 -2 1 0 1 0.0053174 0.0126066 -3.89973 0 0 0 
0.48496 -12.7773 2698.98 8.34624 3.13566 175.055 13.0131 -13 -2 1 0 1 0.00308622 0.0609296 -3.49363 0 0 0 
3.97098 -9.94889 2798.87 3.68912 6.03303 174.38 13.4026 -13 -2 1 0 1 -0.0222954 0.0752859 -2.40912 0 0 0 
4.89362 -6.50582 2898.81 -0.105846 5.63933 173.671 13.7925 -13 -2 1 0 1 -0.0353872 0.0584566 -0.911394 0 0 0 
4.29858 -3.56731 2998.76 -1.58612 4.62074 172.931 14.1829 -13 -2 1 0 1 -0.0300995 0.0334198 0.715866 0 0 0 
3.434 -1.02512 3098.72 -1.11244 4.26355 172.179 14.5737 -13 -2 1 0 1 -0.0171829 0.0113683 2.20959 0 0 0 
3.29171 1.40575 3198.69 0.791488 4.00251 171.419 14.9651 -13 -2 1 0 1 -0.00536004 -0.000525189 3.28272 0 0 0 
4.40859 3.45018 3298.67 2.91322 2.82198 170.65 15.3569 -13 -2 1 0 1 0.00860531 0.0054337 3.66084 0 0 0 
6.43924 4.63228 3398.64 3.72603 1.29605 169.881 15.7492 -13 -2 1 0 1 0.0342092 0.0234876 3.21826 0 0 0 
8.53463 5.24576 3498.61 3.24419 1.10617 169.117 16.142 -13 -2 1 0 1 0.0668343 0.0401837 2.06726 0 0 0 
10.1713 6.33212 3598.59 2.18299 2.85491 168.337 16.5352 -13 -2 1 0 1 0.0926809 0.0558719 0.47237 0 0 0 
10.8726 8.89197 3698.56 -0.194762 5.80957 167.495 16.929 -13 -2 1 0 1 0.100788 0.0781972 -1.28592 0 0 0 
9.31604 13.0232 3798.46 -5.55301 7.41107 166.557 17.3234 -13 -2 1 0 1 0.0780215 0.0990849 -2.9541 0 0 0 
3.89845 16.5352 3898.24 -12.1288 2.94603 165.56 17.7182 -13 -2 1 0 1 0.0281556 0.0841666 -4.26238 0 0 0 
-3.88904 15.2349 3997.91 -11.8123 -7.60104 164.644 18.1136 -13 -2 1 0 1 0.00180133 0.0242608 -4.95918 0 0 0 
-8.20324 8.23699 4097.54 -1.28641 -13.7385 163.873 18.5095 -13 -2 1 0 1 0.0207722 -0.0150941 -4.95528 0 0 0 
-5.39574 0.840097 4197.21 9.52687 -9.02514 163.133 18.906 -13 -2 1 0 1 0.0256275 -0.00458268 -4.39932 0 0 0 
1.83421 -1.9137 4296.89 12.7898 -0.0344761 162.361 19.303 -13 -2 1 0 1 -0.0044062 0.00721883 -3.5791 0 0 0 
9.20167 0.230358 4396.59 10.665 6.32851 161.591 19.7006 -13 -2 1 0 1 -0.033818 -0.00152557 -2.75374 0 0 0 
14.774 5.15401 4496.31 7.39741 9.09703 160.838 20.0988 -13 -2 1 0 1 -0.0446819 -0.0162481 -2.05771 0 0 0 
18.5315 11.0828 4596.06 4.86421 9.74912 160.09 20.4976 -13 -2 1 0 1 -0.0423223 -0.025679 -1.52305 0 0 0 
21.0328 17.1307 4695.85 3.28686 9.53457 159.334 20.897 -13 -2 1 0 1 -0.0351079 -0.0286947 -1.13025 0 0 0 
22.7907 22.9773 4795.66 2.40445 9.07363 158.565 21.297 -13 -2 1 0 1 -0.0275288 -0.0276678 -0.846143 0 0 0 
24.147 28.5539 4895.5 1.94683 8.60579 157.782 21.6976 -13 -2 1 0 1 -0.0211717 -0.0248363 -0.641661 0 0 0 
25.3041 33.8817 4995.35 1.73053 8.20253 156.988 22.0989 -13 -2 1 0 1 -0.0162448 -0.0214924 -0.49327 0 0 0 
26.3758 39.0039 5095.21 1.64608 7.87332 156.184 22.5008 -13 -2 1 0 1 -0.0125359 -0.0182544 -0.384318 0 0 0 
27.4238 43.9635 5195.08 1.63131 7.60843 155.373 22.9033 -13 -2 1 0 1 -0.00977885 -0.01539 -0.303557 0 0 0 
28.4805 48.7958 5294.96 1.65179 7.3945 154.554 23.3065 -13 -2 1 0 1 -0.00771833 -0.0129465 -0.24277 0 0 0 
29.5623 53.5288 5394.84 1.68856 7.21958 153.73 23.7104 -13 -2 1 0 1 -0.00616438 -0.0109006 -0.196387 0 0 0 
30.6762 58.1835 5494.73 1.73131 7.07421 152.901 24.115 -13 -2 1 0 1 -0.00498358 -0.00921011 -0.160627 0 0 0 
31.8246 62.7762 5594.62 1.77458 6.95117 152.067 24.5204 -13 -2 1 0 1 -0.0040741 -0.00781419 -0.132679 0 0 0 
33.0072 67.3191 5694.51 1.81557 6.84508 151.228 24.9264 -13 -2 1 0 1 -0.0033651 -0.00666059 -0.110583 0 0 0 
34.2224 71.8216 5794.4 1.85293 6.75198 150.385 25.3332 -13 -2 1 0 1 -0.00280681 -0.00570658 -0.0929533 0 0 0 
35.468 76.2911 5894.29 1.88618 6.66891 149.537 25.7407 -13 -2 1 0 1 -0.00236204 -0.00491397 -0.0787348 0 0 0 
36.7416 80.7331 5994.18 1.91525 6.59364 148.684 26.1489 -13 -2 1 0 1 -0.00200396 -0.00425239 -0.0671604 0 0 0 
38.0406 85.1523 6094.08 1.93942 6.5247 147.828 26.558 -13 -2 1 0 1 -0.00172664 -0.00372834 -0.0595307 0 0 0 
39.3619 89.5523 6193.97 1.95925 6.46075 146.966 26.9679 -13 -2 1 0 1 -0.00148782 -0.00326117 -0.0516073 0 0 0 
40.7034 93.936 6293.87 1.97575 6.40066 146.1 27.3785 -13 -2 1 0 1 -0.00129028 -0.00286552 -0.0449953 0 0 0 
40.7956 94.2344 6300.68 1.97677 6.39667 146.041 27.4066 -13 -2 1 0 1 -0.00127823 -0.00284111 -0.0445887 0 0 0 

# Event -1 Track 1
10 0 -700 0 0 200 0 -13 -1 1 0 1 8.75328e-05 -4.01734e-05 1.97744 0 0 0 
10.0004 0.000783854 -600 0.00171936 0.00342004 199.298 0.377251 -13 -1 1 0 1 0.000163111 -4.40296e-05 1.9751 0 0 0 
10.002 0.00384083 -500 0.00489283 0.00926656 198.594 0.754792 -13 -1 1 0 1 0.000301866 -4.82922e-05 1.97063 0 0 0 
10.0057 0.01082 -400 0.0104848 0.0192241 197.889 1.13263 -13 -1 1 0 1 0.000526161 -5.27893e-05 1.96252 0 0 0 
10.0132 0.0242237 -300 0.0199198 0.0346205 197.183 1.51076 -13 -1 1 0 1 0.000796491 -5.70627e-05 1.94951 0 0 0 
10.0268 0.0464712 -200 0.0345084 0.0526116 196.476 1.88919 -13 -1 1 0 1 0.000865386 -6.13991e-05 1.93228 0 0 0 
10.0491 0.0755321 -100 0.053062 0.0562674 195.767 2.26793 -13 -1 1 0 1 1.04654e-05 -7.26864e-05 1.92115 0 0 0 
10.0802 0.0941613 -1.8748e-05 0.0662082 0.00186574 195.057 2.64698 -13 -1 1 0 1 -0.00281397 -0.000107472 1.94563 0 0 0 
10.1117 0.0570861 100 0.0474966 -0.169039 194.345 3.02633 -13 -1 1 0 1 -0.00755148 -0.000133374 2.04672 0 0 0 
10.1151 -0.102068 200 -0.0525813 -0.462659 193.632 3.40601 -13 -1 1 0 1 -0.0115324 1.49318e-05 2.24046 0 0 0 
10.0342 -0.420426 299.999 -0.282498 -0.745908 192.916 3.786 -13 -1 1 0 1 -0.0101417 0.00031175 2.46858 0 0 0 
9.80606 -0.82652 399.998 -0.596668 -0.746366 192.2 4.16631 -13 -1 1 0 1 -0.000296958 -0.000100975 2.58816 0 0 0 
9.43553 -1.10674 499.997 -0.779621 -0.238578 191.483 4.54696 -13 -1 1 0 1 0.0159232 -0.00200832 2.43253 0 0 0 
9.05401 -0.990945 599.996 -0.617148 0.74307 190.764 4.92793 -13 -1 1 0 1 0.0324318 -0.00370811 1.90318 0 0 0 
8.83263 -0.277221 699.993 -0.219029 2.00821 190.035 5.30924 -13 -1 1 0 1 0.0446772 -0.00158372 1.02933 0 0 0 
8.77857 1.15731 799.983 -0.0873666 3.4588 189.293 5.69089 -13 -1 1 0 1 0.0512998 0.00655333 -0.0716926 0 0 0 
8.56673 3.3868 899.957 -0.935142 4.93056 188.534 6.07288 -13 -1 1 0 1 0.0502246 0.0196179 -1.2545 0 0 0 
7.51439 6.25825 999.91 -3.2691 5.63943 187.763 6.45523 -13 -1 1 0 1 0.0367351 0.0303481 -2.3479 0 0 0 
4.93076 9.00115 1099.84 -6.38385 4.197 186.993 6.83792 -13 -1 1 0 1 0.0131674 0.0238917 -3.12484 0 0 0 
0.969371 10.3018 1199.75 -7.9452 0.412051 186.251 7.22097 -13 -1 1 0 1 -0.000648541 -0.00522453 -3.35445 0 0 0 
-3.02919 9.44693 1299.66 -6.48145 -3.31778 185.548 7.60439 -13 -1 1 0 1 0.0108182 -0.0351456 -2.92499 0 0 0 
-5.74362 7.16988 1399.6 -3.5668 -4.67308 184.866 7.98817 -13 -1 1 0 1 0.0339364 -0.0432991 -1.9265 0 0 0 
-7.03965 4.77982 1499.56 -1.45711 -3.91622 184.179 8.37232 -13 -1 1 0 1 0.0489158 -0.033681 -0.578185 0 0 0 
-7.57414 3.0587 1599.54 -0.695725 -2.36671 183.475 8.75685 -13 -1 1 0 1 0.0512718 -0.0203529 0.881357 0 0 0 
-7.92119 2.2096 1699.54 -0.614344 -0.769965 182.752 9.14177 -13 -1 1 0 1 0.0422924 -0.010369 2.22232 0 0 0 
-8.22493 2.15326 1799.54 -0.439525 0.458202 182.015 9.52707 -13 -1 1 0 1 0.0211825 -0.00332615 3.18376 0 0 0 
-8.35939 2.54657 1899.54 -0.0550845 0.782818 181.274 9.91276 -13 -1 1 0 1 -0.0092044 0.00516787 3.51394 0 0 0 
-8.36441 2.81751 1999.54 -0.088242 0.0526797 180.533 10.2988 -13 -1 1 0 1 -0.0387892 0.0154379 3.09733 0 0 0 
-8.60446 2.49508 2099.54 -0.879418 -1.27547 179.782 10.6853 -13 -1 1 0 1 -0.060532 0.0205509 2.03973 0 0 0 
-9.38415 1.32213 2199.53 -1.86671 -3.02202 179.007 11.0722 -13 -1 1 0 1 -0.0752877 0.014921 0.587484 0 0 0 
-10.5127 -1.01751 2299.49 -1.88155 -5.4544 178.201 11.4596 -13 -1 1 0 1 -0.0819725 -0.00193199 -0.994339 0 0 0 
-11.0285 -4.83457 2399.42 0.553244 -7.97821 177.364 11.8473 -13 -1 1 0 1 -0.0696835 -0.0231621 -2.45468 0 0 0 
-9.36171 -9.52289 2499.29 5.60057 -7.91664 176.526 12.2355 -13 -1 1 0 1 -0.0313262 -0.0252103 -3.51282 0 0 0 
-4.87728 -12.8523 2599.13 9.57529 -3.13542 175.75 12.624 -13 -1 1 0 1 0.0053174 0.0126066 -3.89973 0 0 0 
0.48496 -12.7773 2698.98 8.34624 3.13566 175.055 13.0131 -13 -1 1 0 1 0.00308622 0.0609296 -3.49363 0 0 0 
3.97098 -9.94889 2798.87 3.68912 6.03303 174.38 13.4026 -13 -1 1 0 1 -0.0222954 0.0752859 -2.40912 0 0 0 
4.89362 -6.50582 2898.81 -0.105846 5.63933 173.671 13.7925 -13 -1 1 0 1 -0.0353872 0.0584566 -0.911394 0 0 0 
4.29858 -3.56731 2998.76 -1.58612 4.62074 172.931 14.1829 -13 -1 1 0 1 -0.0300995 0.0334198 0.715866 0 0 0 
3.434 -1.02512 3098.72 -1.11244 4.26355 172.179 14.5737 -13 -1 1 0 1 -0.0171829 0.0113683 2.20959 0 0 0 
3.29171 1.40575 3198.69 0.791488 4.00251 171.419 14.9651 -13 -1 1 0 1 -0.00536004 -0.000525189 3.28272 0 0 0 
4.40859 3.45018 3298.67 2.91322 2.82198 170.65 15.3569 -13 -1 1 0 1 0.00860531 0.0054337 3.66084 0 0 0 
6.43924 4.63228 3398.64 3.72603 1.29605 169.881 15.7492 -13 -1 1 0 1 0.0342092 0.0234876 3.21826 0 0 0 
8.53463 5.24576 3498.61 3.24419 1.10617 169.117 16.142 -13 -1 1 0 1 0.0668343 0.0401837 2.06726 0 0 0 
10.1713 6.33212 3598.59 2.18299 2.85491 168.337 16.5352 -13 -1 1 0 1 0.0926809 0.0558719 0.47237 0 0 0 
10.8726 8.89197 3698.56 -0.194762 5.80957 167.495 16.929 -13 -1 1 0 1 0.100788 0.0781972 -1.28592 0 0 0 
9.31604 13.0232 3798.46 -5.55301 7.41107 166.557 17.3234 -13 -1 1 0 1 0.0780215 0.0990849 -2.9541 0 0 0 
3.89845 16.5352 3898.24 -12.1288 2.94603 165.56 17.7182 -13 -1 1 0 1 0.0281556 0.0841666 -4.26238 0 0 0 
-3.88904 15.2349 3997.91 -11.8123 -7.60104 164.644 18.1136 -13 -1 1 0 1 0.00180133 0.0242608 -4.95918 0 0 0 
-8.20324 8.23699 4097.54 -1.28641 -13.7385 163.873 18.5095 -13 -1 1 0 1 0.0207722 -0.0150941 -4.95528 0 0 0 
-5.39574 0.840097 4197.21 9.52687 -9.02514 163.133 18.906 -13 -1 1 0 1 0.0256275 -0.00458268 -4.39932 0 0 0 
1.83421 -1.9137 4296.89 12.7898 -0.0344761 162.361 19.303 -13 -1 1 0 1 -0.0044062 0.00721883 -3.5791 0 0 0 
9.20167 0.230358 4396.59 10.665 6.32851 161.591 19.7006 -13 -1 1 0 1 -0.033818 -0.00152557 -2.75374 0 0 0 
14.774 5.15401 4496.31 7.39741 9.09703 160.838 20.0988 -13 -1 1 0 1 -0.0446819 -0.0162481 -2.05771 0 0 0 
18.5315 11.0828 4596.06 4.86421 9.74912 160.09 20.4976 -13 -1 1 0 1 -0.0423223 -0.025679 -1.52305 0 0 0 
21.0328 17.1307 4695.85 3.28686 9.53457 159.334 20.897 -13 -1 1 0 1 -0.0351079 -0.0286947 -1.13025 0 0 0 
22.7907 22.9773 4795.66 2.40445 9.07363 158.565 21.297 -13 -1 1 0 1 -0.0275288 -0.0276678 -0.846143 0 0 0 
24.147 28.5539 4895.5 1.94683 8.60579 157.782 21.6976 -13 -1 1 0 1 -0.0211717 -0.0248363 -0.641661 0 0 0 
25.3041 33.8817 4995.35 1.73053 8.20253 156.988 22.0989 -13 -1 1 0 1 -0.0162448 -0.0214924 -0.49327 0 0 0 
26.3758 39.0039 5095.21 1.64608 7.87332 156.184 22.5008 -13 -1 1 0 1 -0.0125359 -0.0182544 -0.384318 0 0 0 
27.4238 43.9635 5195.08 1.63131 7.60843 155.373 22.9033 -13 -1 1 0 1 -0.00977885 -0.01539 -0.303557 0 0 0 
28.4805 48.7958 5294.96 1.65179 7.3945 154.554 23.3065 -13 -1 1 0 1 -0.00771833 -0.0129465 -0.24277 0 0 0 
29.5623 53.5288 5394.84 1.68856 7.21958 153.73 23.7104 -13 -1 1 0 1 -0.00616438 -0.0109006 -0.196387 0 0 0 
30.6762 58.1835 5494.73 1.73131 7.07421 152.901 24.115 -13 -1 1 0 1 -0.00498358 -0.00921011 -0.160627 0 0 0 
31.8246 62.7762 5594.62 1.77458 6.95117 152.067 24.5204 -13 -1 1 0 1 -0.0040741 -0.00781419 -0.132679 0 0 0 
33.0072 67.3191 5694.51 1.81557 6.84508 151.228 24.9264 -13 -1 1 0 1 -0.0033651 -0.00666059 -0.110583 0 0 0 
34.2224 71.8216 5794.4 1.85293 6.75198 150.385 25.3332 -13 -1 1 0 1 -0.00280681 -0.00570658 -0.0929533 0 0 0 
35.468 76.2911 5894.29 1.88618 6.66891 149.537 25.7407 -13 -1 1 0 1 -0.00236204 -0.00491397 -0.0787348 0 0 0 
36.7416 80.7331 5994.18 1.91525 6.59364 148.684 26.1489 -13 -1 1 0 1 -0.00200396 -0.00425239 -0.0671604 0 0 0 
38.0406 85.1523 6094.08 1.93942 6.5247 147.828 26.558 -13 -1 1 0 1 -0.00172664 -0.00372834 -0.0595307 0 0 0 
39.3619 89.5523 6193.97 1.95925 6.46075 146.966 26.9679 -13 -1 1 0 1 -0.00148782 -0.00326117 -0.0516073 0 0 0 
40.7034 93.936 6293.87 1.97575 6.40066 146.1 27.3785 -13 -1 1 0 1 -0.00129028 -0.00286552 -0.0449953 0 0 0 
40.7956 94.2344 6300.68 1.97677 6.39667 146.041 27.4066 -13 -1 1 0 1 -0.00127823 -0.00284111 -0.0445887 0 0 0 

# Event 1 Track 1
-10.117 -0.107102 -700 -36.8734 -8.62632 200.586 0 -13 1 1 0 1 -8.43417e-05 -4.10912e-05 1.97744 0 0 0 
-28.5369 -1.67149 -601.736 -37.6701 2.27274 199.903 0.375599 -13 1 1 0 1 -0.000447809 -7.0373e-05 1.97517 0 0 0 
-46.6327 2.09925 -503.471 -35.3174 12.9084 199.22 0.751469 -13 1 1 0 1 -0.00135239 1.28329e-05 1.97093 0 0 0 
-62.8898 10.8812 -405.205 -30.0405 22.3569 198.54 1.12761 -13 1 1 0 1 -0.00316757 0.000495943 1.96352 0 0 0 
-75.9609 23.9098 -306.935 -22.3485 29.7943 197.867 1.50404 -13 1 1 0 1 -0.00596374 0.00182088 1.95108 0 0 0 
-84.8003 40.0501 -208.655 -12.9872 34.6106 197.207 1.88074 -13 1 1 0 1 -0.00808932 0.00376 1.93306 0 0 0 
-88.7529 57.9358 -110.358 -2.77675 36.5614 196.55 2.25773 -13 1 1 0 1 -0.00375668 0.00238785 1.91354 0 0 0 
-87.5118 76.181 -12.0561 7.76821 35.8685 195.829 2.635 -13 1 1 0 1 0.0171247 -0.014975 1.91424 0 0 0 
-80.8448 93.564 86.1812 18.893 32.9003 194.876 3.01257 -13 1 1 0 1 0.0548478 -0.063546 1.98646 0 0 0 
-68.2675 108.845 184.183 31.1133 27.0458 193.487 3.39043 -13 1 1 0 1 0.0816477 -0.130244 2.17721 0 0 0 
-49.3953 120.033 281.718 43.0419 16.0937 191.693 3.76859 -13 1 1 0 1 0.0632505 -0.153751 2.45813 0 0 0 
-25.5183 124.026 378.704 49.3667 -1.30413 190.107 4.14705 -13 1 1 0 1 0.0126927 -0.0616651 2.68212 0 0 0 
-1.21612 118.28 475.488 43.637 -20.8309 189.64 4.52581 -13 1 1 0 1 -0.0013719 0.136836 2.63572 0 0 0 
17.0007 103.905 572.705 26.1562 -33.5461 190.301 4.90488 -13 1 1 0 1 0.0531892 0.324665 2.18963 0 0 0 
25.0112 85.7829 670.673 5.29936 -35.374 190.964 5.28427 -13 1 1 0 1 0.118942 0.407604 1.36861 0 0 0 
23.2285 68.5453 769.127 -11.0948 -31.1536 190.727 5.66397 -13 1 1 0 1 0.132919 0.391886 0.300559 0 0 0 
14.7631 53.3039 867.585 -20.3543 -28.5297 189.647 6.04398 -13 1 1 0 1 0.0882634 0.318299 -0.873713 0 0 0 
3.5348 37.9123 965.751 -21.3023 -31.733 188.302 6.42433 -13 1 1 0 1 0.0190139 0.203379 -2.00513 0 0 0 
-5.53112 19.6237 1063.63 -11.57 -38.3726 187.182 6.805 -13 1 1 0 1 -0.020082 0.0709707 -2.89984 0 0 0 
-6.84245 -1.26559 1161.37 7.48088 -39.8181 186.352 7.186 -13 1 1 0 1 -0.00553011 -0.0011995 -3.34057 0 0 0 
2.21791 -20.1992 1259.09 25.79 -30.7402 185.7 7.56734 -13 1 1 0 1 -0.0057913 0.0498274 -3.18261 0 0 0 
18.389 -32.9746 1356.92 33.4873 -18.2068 185.385 7.94902 -13 1 1 0 1 -0.0968927 0.172611 -2.42548 0 0 0 
35.8015 -40.8548 1455.07 31.0438 -13.484 185.477 8.33104 -13 1 1 0 1 -0.248337 0.28232 -1.22172 0 0 0 
50.2802 -49.383 1553.64 22.5135 -20.3774 185.344 8.71341 -13 1 1 0 1 -0.37518 0.367206 0.211476 0 0 0 
58.3851 -63.8293 1652.2 6.15045 -34.0635 183.858 9.09614 -13 1 1 0 1 -0.404049 0.439388 1.66141 0 0 0 
54.7274 -84.7078 1749.82 -21.4448 -41.3236 180.451 9.47922 -13 1 1 0 1 -0.281738 0.430118 2.90111 0 0 0 
35.0027 -104.062 1845.79 -50.1469 -26.343 176.776 9.86266 -13 1 1 0 1 -0.0745153 0.203783 3.64761 0 0 0 
4.84366 -109.608 1940.82 -56.3181 6.76027 175.982 10.2465 -13 1 1 0 1 0.00145976 -0.197898 3.65912 0 0 0 
-20.6691 -98.3924 2036.72 -34.5793 31.0982 178.196 10.6307 -13 1 1 0 1 -0.11263 -0.502897 2.91148 0 0 0 
-31.415 -79.938 2134.3 -5.62645 33.6276 180.233 11.0152 -13 1 1 0 1 -0.230942 -0.57386 1.61927 0 0 0 
-28.4113 -63.5666 2232.84 14.7971 26.0802 180.215 11.4002 -13 1 1 0 1 -0.228991 -0.504576 0.0665912 0 0 0 
-17.0345 -50.4758 2331.31 25.0519 23.2454 178.715 11.7855 -13 1 1 0 1 -0.128757 -0.377904 -1.50026 0 0 0 
-2.90832 -36.0937 2429.25 23.9683 30.4195 177.026 12.1712 -13 1 1 0 1 -0.0140653 -0.203718 -2.84147 0 0 0 
6.50948 -16.414 2526.8 7.55746 39.8134 175.862 12.5573 -13 1 1 0 1 0.0229258 -0.0347825 -3.69825 0 0 0 
3.68319 5.61499 2624.21 -17.7591 36.679 175.045 12.9439 -13 1 1 0 1 0.00125625 0.00603722 -3.86886 0 0 0 
-11.5976 21.8466 2721.62 -34.436 20.5751 174.427 13.3308 -13 1 1 0 1 0.0590336 -0.091505 -3.30792 0 0 0 
-31.9414 29.2458 2819.22 -36.2562 7.76927 174.332 13.7182 -13 1 1 0 1 0.231816 -0.200382 -2.14439 0 0 0 
-50.9744 33.321 2917.31 -30.8604 9.31994 174.529 14.1059 -13 1 1 0 1 0.42147 -0.267192 -0.619769 0 0 0 
-65.9564 42.3243 3015.72 -21.0661 24.2487 173.785 14.4941 -13 1 1 0 1 0.532554 -0.334263 1.01182 0 0 0 
-72.5519 61.505 3113.53 0.417358 42.4741 170.771 14.8828 -13 1 1 0 1 0.479162 -0.396649 2.50686 0 0 0 
-62.7547 87.2936 3209.48 34.9305 43.2694 166.16 15.2718 -13 1 1 0 1 0.233128 -0.308954 3.57685 0 0 0 
-34.606 104.79 3303.6 58.8229 13.6944 163.672 15.6614 -13 1 1 0 1 -0.00473026 0.0439251 3.91933 0 0 0 
-2.26864 101.474 3397.95 47.9787 -23.1661 165.326 16.0513 -13 1 1 0 1 -0.00224906 0.439812 3.41094 0 0 0 
16.5393 82.5982 3494.15 16.4088 -37.8657 167.94 16.4417 -13 1 1 0 1 0.124407 0.59351 2.20917 0 0 0 
17.891 61.2599 3591.74 -9.53317 -34.4098 168.428 16.8326 -13 1 1 0 1 0.159148 0.528737 0.606784 0 0 0 
8.18188 42.4135 3689.44 -21.4139 -31.663 167.087 17.224 -13 1 1 0 1 0.0775661 0.375243 -1.12902 0 0 0 
-4.07401 22.4231 3786.64 -17.504 -37.9748 165.431 17.6159 -13 1 1 0 1 -0.0258407 0.176106 -2.77298 0 0 0 
-8.40981 -1.98628 3883.43 5.79686 -43.0812 164.205 18.0082 -13 1 1 0 1 -0.0396838 -0.0127669 -4.0992 0 0 0 
4.44722 -23.6333 3980.02 36.4238 -25.349 163.16 18.401 -13 1 1 0 1 0.0190605 -0.0580442 -4.89199 0 0 0 
29.6953 -27.5628 4076.46 42.598 12.9403 162.315 18.7944 -13 1 1 0 1 -0.0216953 0.0255728 -5.03521 0 0 0 
48.5309 -11.0347 4173.06 17.4058 37.7362 162.295 19.1882 -13 1 1 0 1 -0.158392 0.0358334 -4.59155 0 0 0 
49.8813 11.5698 4270.34 -11.0219 33.902 162.893 19.5826 -13 1 1 0 1 -0.210957 -0.0509794 -3.81114 0 0 0 
38.4635 26.9968 4368.4 -24.2493 16.8675 163.314 19.9774 -13 1 1 0 1 -0.154286 -0.110561 -2.97149 0 0 0 
23.1529 32.2972 4467.05 -25.0709 1.59707 163.255 20.3729 -13 1 1 0 1 -0.0758881 -0.107727 -2.23937 0 0 0 
9.06763 30.0828 4566.01 -21.0141 -7.97149 162.843 20.7688 -13 1 1 0 1 -0.0224779 -0.0759793 -1.66565 0 0 0 
-2.30192 23.4893 4665.13 -16.3622 -13.0666 162.248 21.1654 -13 1 1 0 1 0.00422902 -0.0434275 -1.23817 0 0 0 
-11.1039 14.6295 4764.35 -12.5471 -15.5343 161.568 21.5625 -13 1 1 0 1 0.0146006 -0.0195882 -0.926676 0 0 0 
-17.919 4.67764 4863.61 -9.75147 -16.6299 160.848 21.9601 -13 1 1 0 1 0.0170055 -0.00459499 -0.701464 0 0 0 
-23.309 -5.7661 4962.92 -7.79126 -17.0469 160.104 22.3584 -13 1 1 0 1 0.01608 0.00396334 -0.537566 0 0 0 
-27.7067 -16.4076 5062.26 -6.43745 -17.1391 159.345 22.7572 -13 1 1 0 1 0.014051 0.00839841 -0.417539 0 0 0 
-31.4202 -27.1072 5161.61 -5.50403 -17.0812 158.573 23.1566 -13 1 1 0 1 0.0118584 0.0103644 -0.328551 0 0 0 
-34.6623 -37.8012 5260.99 -4.85755 -16.9577 157.792 23.5567 -13 1 1 0 1 0.00985981 0.0109184 -0.261722 0 0 0 
-37.5785 -48.4628 5360.37 -4.4065 -16.8093 157.002 23.9573 -13 1 1 0 1 0.0081645 0.010711 -0.211008 0 0 0 
-40.2686 -59.0829 5459.77 -4.08906 -16.655 156.205 24.3586 -13 1 1 0 1 0.00676261 0.0101092 -0.171945 0 0 0 
-42.8015 -69.6605 5559.18 -3.86366 -16.503 155.401 24.7606 -13 1 1 0 1 0.0056211 0.00933398 -0.141521 0 0 0 
-45.2249 -80.1981 5658.59 -3.70215 -16.3569 154.591 25.1632 -13 1 1 0 1 0.00469824 0.00851154 -0.117598 0 0 0 
-47.5724 -90.6998 5758.01 -3.58534 -16.2175 153.776 25.5665 -13 1 1 0 1 0.00394844 0.00770006 -0.0985357 0 0 0 
-49.8675 -101.17 5857.43 -3.50002 -16.0846 152.956 25.9705 -13 1 1 0 1 0.00333896 0.00693685 -0.083219 0 0 0 
-52.1273 -111.612 5956.86 -3.43702 -15.9577 152.131 26.3751 -13 1 1 0 1 0.00284161 0.00623738 -0.0708029 0 0 0 
-54.3633 -122.03 6056.29 -3.3879 -15.8362 151.301 26.7805 -13 1 1 0 1 0.00245212 0.00564749 -0.0625239 0 0 0 
-56.5822 -132.427 6155.73 -3.3477 -15.7195 150.467 27.1866 -13 1 1 0 1 0.0021139 0.005081 -0.0540713 0 0 0 
-58.7897 -142.807 6255.16 -3.31585 -15.6064 149.628 27.5934 -13 1 1 0 1 0.00183271 0.00457614 -0.0470404 0 0 0 
-59.7975 -147.552 6300.68 -3.30338 -15.5556 149.243 27.78 -13 1 1 0 1 0.00171977 0.00436379 -0.0442151 0 0 0 

# End of Event 1

# Event 2 Track 1
-0.778119 10.0155 -700 -7.5521 15.2653 199.609 0 -13 2 1 0 1 -4.55371e-06 4.53914e-05 1.97744 0 0 0 
-3.37503 18.0782 -600.362 -2.76918 16.7444 198.91 0.377114 -13 2 1 0 1 -5.11606e-05 0.000246156 1.97509 0 0 0 
-3.51082 26.5474 -500.724 2.21877 16.7635 198.21 0.754516 -13 2 1 0 1 -9.97946e-05 0.000737478 1.97071 0 0 0 
-1.17875 34.687 -401.086 6.95853 15.3315 197.509 1.13221 -13 2 1 0 1 -5.55128e-05 0.00174169 1.96276 0 0 0 
3.40125 41.7943 -301.446 11.0147 12.6029 196.809 1.5102 -13 2 1 0 1 0.000275648 0.00324074 1.94983 0 0 0 
9.80451 47.2721 -201.805 14.0385 8.8626 196.112 1.88849 -13 2 1 0 1 0.000874228 0.00410602 1.93226 0 0 0 
17.466 50.6811 -102.159 15.8621 4.45032 195.412 2.26708 -13 2 1 0 1 0.000187104 0.00043716 1.91893 0 0 0 
25.7935 51.727 -2.51475 16.5713 -0.425815 194.691 2.64598 -13 2 1 0 1 -0.00676326 -0.0136727 1.93794 0 0 0 
34.2662 50.1404 97.1098 16.3129 -5.876 193.911 3.02519 -13 2 1 0 1 -0.0252311 -0.037036 2.03347 0 0 0 
42.326 45.5479 196.674 14.7095 -12.0769 193.036 3.40471 -13 2 1 0 1 -0.0489999 -0.0528545 2.22871 0 0 0 
48.9916 37.6626 296.133 10.5696 -18.3002 192.1 3.78455 -13 2 1 0 1 -0.0525632 -0.0405423 2.4697 0 0 0 
52.6611 27.0241 395.49 3.08284 -22.0409 191.253 4.16471 -13 2 1 0 1 -0.00686266 -0.00366597 2.6116 0 0 0 
51.8903 15.7303 494.837 -5.98824 -20.3246 190.653 4.5452 -13 2 1 0 1 0.0818633 0.0246609 2.47631 0 0 0 
46.8125 6.81442 594.298 -12.7913 -13.1495 190.226 4.92601 -13 2 1 0 1 0.163325 0.0236065 1.96224 0 0 0 
39.2446 2.303 693.899 -15.451 -4.13082 189.716 5.30716 -13 2 1 0 1 0.196114 0.011324 1.09957 0 0 0 
30.985 2.14067 793.551 -15.8267 2.97475 188.983 5.68865 -13 2 1 0 1 0.180259 0.0122482 0.00548402 0 0 0 
22.4274 4.75792 893.149 -16.8497 6.1646 188.092 6.07048 -13 2 1 0 1 0.132092 0.0277937 -1.17555 0 0 0 
12.8647 7.73328 992.644 -19.3316 4.07535 187.182 6.45266 -13 2 1 0 1 0.0643186 0.0384197 -2.2767 0 0 0 
2.11936 8.04559 1092.06 -20.4086 -3.69941 186.345 6.83518 -13 2 1 0 1 0.00609977 0.0230663 -3.08124 0 0 0 
-7.89445 3.38638 1191.43 -16.0257 -13.5056 185.589 7.21806 -13 2 1 0 1 0.00149815 -0.000887816 -3.3586 0 0 0 
-14.2381 -5.61349 1290.81 -7.43012 -18.9345 184.924 7.60131 -13 2 1 0 1 0.0488236 0.0193559 -2.99039 0 0 0 
-16.3074 -15.8521 1390.26 -1.16489 -18.3187 184.397 7.98491 -13 2 1 0 1 0.0955166 0.0939243 -2.04287 0 0 0 
-16.6891 -24.9441 1489.84 -1.39208 -15.1838 183.945 8.36889 -13 2 1 0 1 0.117786 0.179375 -0.720474 0 0 0 
-18.9184 -32.1859 1589.55 -7.61694 -11.2515 183.339 8.75324 -13 2 1 0 1 0.134484 0.235662 0.74009 0 0 0 
-25.4894 -36.5561 1689.22 -16.4581 -3.90078 182.323 9.13797 -13 2 1 0 1 0.153309 0.22967 2.11316 0 0 0 
-36.1165 -35.3492 1788.62 -20.8962 9.05211 180.941 9.52308 -13 2 1 0 1 0.12996 0.13764 3.14402 0 0 0 
-46.2518 -26.6415 1887.7 -14.0031 21.5596 179.8 9.90858 -13 2 1 0 1 0.00388044 0.0111666 3.56599 0 0 0 
-50.1245 -13.7253 1986.76 0.129832 22.9182 179.429 10.2945 -13 2 1 0 1 -0.180112 -0.04282 3.23482 0 0 0 
-46.9823 -3.46063 2086.15 9.7846 12.971 179.409 10.6808 -13 2 1 0 1 -0.299159 -0.0173437 2.23217 0 0 0 
-40.7303 0.257577 2185.87 11.7753 0.693773 179.01 11.0675 -13 2 1 0 1 -0.317003 0.00648067 0.804667 0 0 0 
-34.1965 -2.0561 2285.62 11.8783 -8.20547 178.067 11.4546 -13 2 1 0 1 -0.270594 -0.0105233 -0.778884 0 0 0 
-26.7417 -7.90247 2385.16 15.4449 -11.4636 176.859 11.8421 -13 2 1 0 1 -0.180391 -0.0458644 -2.27014 0 0 0 
-16.3122 -13.289 2484.46 21.4366 -6.011 175.746 12.2301 -13 2 1 0 1 -0.0661204 -0.04649 -3.39769 0 0 0 
-3.62677 -13.1078 2583.63 21.7409 7.32932 174.899 12.6185 -13 2 1 0 1 0.0029123 0.00432497 -3.89106 0 0 0 
6.35945 -5.34735 2682.8 12.1729 18.689 174.221 13.0073 -13 2 1 0 1 -0.0161194 0.0291231 -3.60965 0 0 0 
9.89396 6.3675 2782.03 0.909876 20.957 173.623 13.3966 -13 2 1 0 1 -0.0582478 -0.0313224 -2.62974 0 0 0 
8.7944 17.6977 2881.37 -3.27081 18.3934 173.121 13.7863 -13 2 1 0 1 -0.0656317 -0.133552 -1.19172 0 0 0 
7.74902 27.6258 2980.87 0.889007 16.2664 172.597 14.1765 -13 2 1 0 1 -0.0587964 -0.219911 0.428077 0 0 0 
11.0292 36.2495 3080.43 11.1447 12.8857 171.757 14.5671 -13 2 1 0 1 -0.0724071 -0.25139 1.97226 0 0 0 
20.7424 41.1685 3179.8 21.4485 2.63719 170.47 14.9582 -13 2 1 0 1 -0.0864132 -0.180581 3.16181 0 0 0 
33.8913 38.1596 3278.85 21.1579 -12.9061 169.261 15.3498 -13 2 1 0 1 -0.0152081 -0.021072 3.70377 0 0 0 
42.8781 27.617 3377.85 8.24957 -20.7093 168.829 15.7418 -13 2 1 0 1 0.154466 0.0990069 3.42415 0 0 0 
43.5559 16.6993 3477.22 -4.88696 -14.5077 168.829 16.1344 -13 2 1 0 1 0.295744 0.11412 2.38657 0 0 0 
38.6148 11.6341 3576.94 -10.7683 -2.57085 168.382 16.5274 -13 2 1 0 1 0.330488 0.0996844 0.848704 0 0 0 
31.2899 13.0997 3676.65 -14.0967 6.59599 167.245 16.921 -13 2 1 0 1 0.282459 0.11646 -0.900492 0 0 0 
21.1324 17.9693 3776.01 -20.5477 7.97248 165.728 17.3151 -13 2 1 0 1 0.176475 0.144112 -2.60476 0 0 0 
6.7343 20.0427 3874.92 -26.3341 -3.29122 164.274 17.7097 -13 2 1 0 1 0.0473026 0.116576 -4.00581 0 0 0 
-7.56622 12.324 3973.52 -17.8257 -22.0529 163.172 18.1048 -13 2 1 0 1 -0.0112412 0.0301928 -4.85268 0 0 0 
-11.4188 -3.85713 4072.03 6.18691 -27.6153 162.382 18.5004 -13 2 1 0 1 0.0175292 0.00129934 -5.01854 0 0 0 
-1.32548 -16.751 4170.59 24.1542 -12.3957 161.776 18.8967 -13 2 1 0 1 0.010581 0.0537325 -4.58825 0 0 0 
14.2017 -18.2218 4269.3 24.0241 6.58111 161.332 19.2934 -13 2 1 0 1 -0.0566621 0.0767505 -3.81673 0 0 0 
26.1931 -10.6504 4368.26 14.5223 16.3203 160.971 19.6908 -13 2 1 0 1 -0.104125 0.0425167 -2.97683 0 0 0 
32.2122 0.173526 4467.48 5.50011 17.8033 160.57 20.0887 -13 2 1 0 1 -0.10586 -0.00102202 -2.23899 0 0 0 
33.699 10.6703 4566.91 -0.141313 15.779 160.068 20.4872 -13 2 1 0 1 -0.084219 -0.0270496 -1.66008 0 0 0 
32.5965 19.6686 4666.5 -3.03533 13.1171 159.471 20.8863 -13 2 1 0 1 -0.0597059 -0.0361976 -1.23061 0 0 0 
30.2327 27.1412 4766.19 -4.3198 10.8366 158.801 21.286 -13 2 1 0 1 -0.0400829 -0.0359531 -0.918996 0 0 0 
27.3379 33.3938 4865.95 -4.78238 9.11749 158.082 21.6863 -13 2 1 0 1 -0.0262845 -0.0319131 -0.694633 0 0 0 
24.2743 38.7493 4965.76 -4.85749 7.87856 157.33 22.0872 -13 2 1 0 1 -0.0170712 -0.02693 -0.532049 0 0 0 
21.2085 43.4644 5065.6 -4.76383 6.99607 156.554 22.4888 -13 2 1 0 1 -0.011045 -0.0222115 -0.41303 0 0 0 
18.2108 47.7251 5165.46 -4.60629 6.36464 155.763 22.8911 -13 2 1 0 1 -0.0071331 -0.0181765 -0.325093 0 0 0 
15.3051 51.6619 5265.34 -4.43323 5.90722 154.959 23.294 -13 2 1 0 1 -0.00458342 -0.014858 -0.259129 0 0 0 
12.4945 55.3655 5365.24 -4.26582 5.57042 154.146 23.6976 -13 2 1 0 1 -0.00291276 -0.012179 -0.208974 0 0 0 
9.77336 58.8992 5465.14 -4.11222 5.31774 153.326 24.1018 -13 2 1 0 1 -0.00181324 -0.0100391 -0.170443 0 0 0 
7.13248 62.3076 5565.04 -3.97467 5.12438 152.498 24.5068 -13 2 1 0 1 -0.0010846 -0.00832376 -0.140405 0 0 0 
4.56221 65.6225 5664.96 -3.85275 4.97335 151.665 24.9125 -13 2 1 0 1 -0.000600616 -0.00694652 -0.116725 0 0 0 
2.05341 68.8667 5764.87 -3.74496 4.85288 150.827 25.3189 -13 2 1 0 1 -0.000279356 -0.00583894 -0.0978993 0 0 0 
-0.40209 72.0569 5864.79 -3.64951 4.75473 149.983 25.726 -13 2 1 0 1 -6.67408e-05 -0.00494018 -0.0827516 0 0 0 
-2.81141 75.2055 5964.71 -3.56464 4.67309 149.135 26.134 -13 2 1 0 1 7.25344e-05 -0.00420617 -0.0704472 0 0 0 
-5.18069 78.3215 6064.64 -3.48917 4.60321 148.282 26.5427 -13 2 1 0 1 0.000163972 -0.00363225 -0.062267 0 0 0 
-7.51562 81.4114 6164.56 -3.42177 4.54197 147.424 26.9521 -13 2 1 0 1 0.000220398 -0.00313372 -0.0538862 0 0 0 
-9.82065 84.4803 6264.49 -3.36074 4.48788 146.561 27.3624 -13 2 1 0 1 0.000253626 -0.00271857 -0.0469047 0 0 0 
-10.6474 85.5865 6300.68 -3.33998 4.4697 146.247 27.5113 -13 2 1 0 1 0.00026146 -0.002586 -0.0446719 0 0 0 

# End of Event 2

# Event 3 Track 1
7.32203 -2.62199 -700 -15.6646 25.0947 195.811 0 -13 3 1 0 1 6.46513e-05 -6.25758e-05 1.97743 0 0 0 
1.41154 11.0368 -601.122 -7.5454 28.4964 195.113 0.378071 -13 3 1 0 1 2.54829e-05 0.000131725 1.97512 0 0 0 
-0.208202 25.8318 -502.244 1.19061 29.3496 194.414 0.756443 -13 3 1 0 1 -2.01372e-06 0.000711969 1.97075 0 0 0 
2.60362 40.4465 -403.366 9.7363 27.5937 193.714 1.13512 -13 3 1 0 1 0.000138863 0.00201933 1.96298 0 0 0 
9.57508 53.5859 -304.487 17.2938 23.4309 193.018 1.5141 -13 3 1 0 1 0.000758662 0.00414761 1.95039 0 0 0 
20.047 64.1104 -205.603 23.1847 17.3114 192.327 1.89339 -13 3 1 0 1 0.0018386 0.00578616 1.93257 0 0 0 
33.0674 71.1424 -106.712 27.0076 9.81817 191.636 2.273 -13 3 1 0 1 0.000823643 0.00167556 1.91665 0 0 0 
47.5694 74.0702 -7.821 28.7655 1.36811 190.904 2.65293 -13 3 1 0 1 -0.0108907 -0.0170601 1.92675 0 0 0 
62.5459 72.3618 91.0261 28.635 -8.16015 190.03 3.03318 -13 3 1 0 1 -0.0441694 -0.051211 2.01029 0 0 0 
76.9244 65.3124 189.721 26.0396 -19.123 188.889 3.41375 -13 3 1 0 1 -0.0905603 -0.0770083 2.20289 0 0 0 
88.9429 52.3026 288.119 19.0052 -30.4373 187.511 3.79466 -13 3 1 0 1 -0.105543 -0.0621921 2.46541 0 0 0 
95.7503 34.0899 386.184 6.0265 -37.7884 186.304 4.1759 -13 3 1 0 1 -0.0315707 -0.0113776 2.65238 0 0 0 
94.7135 14.2731 484.164 -9.8618 -35.5624 185.843 4.55748 -13 3 1 0 1 0.127775 0.0191077 2.5684 0 0 0 
86.101 -1.61167 582.484 -21.4267 -23.2394 186.083 4.9394 -13 3 1 0 1 0.28388 -0.00547279 2.09081 0 0 0 
73.496 -9.65282 681.327 -24.7858 -7.09019 186.248 5.32167 -13 3 1 0 1 0.358287 -0.0472297 1.24847 0 0 0 
60.6196 -9.62995 780.472 -23.2413 6.38348 185.741 5.7043 -13 3 1 0 1 0.35009 -0.0558062 0.165017 0 0 0 
48.4715 -3.79668 879.552 -22.7723 14.3849 184.615 6.08728 -13 3 1 0 1 0.288332 -0.0227988 -1.01674 0 0 0 
35.3872 4.5103 978.341 -26.6719 15.1238 183.294 6.47062 -13 3 1 0 1 0.18458 0.0232923 -2.13786 0 0 0 
19.4137 10.7188 1076.85 -32.2717 6.23397 182.168 6.85432 -13 3 1 0 1 0.064075 0.0351638 -2.99239 0 0 0 
1.63679 9.80567 1175.22 -31.7926 -10.1907 181.328 7.2384 -13 3 1 0 1 0.000415563 0.00308754 -3.35702 0 0 0 
-13.2966 0.0412148 1273.57 -22.0063 -24.463 180.67 7.62285 -13 3 1 0 1 0.0385987 -0.000204183 -3.09986 0 0 0 
-22.0342 -15.0554 1372.02 -10.7365 -29.2393 180.233 8.00769 -13 3 1 0 1 0.121548 0.0837279 -2.2538 0 0 0 
-26.5171 -30.6126 1470.7 -7.37517 -26.8036 180.033 8.39291 -13 3 1 0 1 0.184868 0.215792 -0.995916 0 0 0 
-32.0407 -43.8777 1569.65 -14.2362 -20.8422 179.663 8.77852 -13 3 1 0 1 0.233156 0.324469 0.449754 0 0 0 
-43.3916 -52.4928 1668.59 -27.1788 -8.90828 178.407 9.16452 -13 3 1 0 1 0.281138 0.348054 1.86826 0 0 0 
-61.2596 -51.8106 1766.91 -35.1358 12.8483 176.009 9.55093 -13 3 1 0 1 0.269105 0.236687 3.01983 0 0 0 
-78.9269 -37.7765 1864.24 -24.7584 36.1632 173.753 9.93775 -13 3 1 0 1 0.0848182 0.0487502 3.62376 0 0 0 
-85.9803 -14.8596 1961.23 0.29393 41.6407 173.521 10.325 -13 3 1 0 1 -0.23068 -0.0339022 3.47993 0 0 0 
-79.8771 4.69263 2059.02 18.8269 25.5151 174.846 10.7126 -13 3 1 0 1 -0.46072 0.0311315 2.61041 0 0 0 
-67.8228 12.8033 2157.89 21.8073 3.68025 175.559 11.1007 -13 3 1 0 1 -0.511652 0.100309 1.24841 0 0 0 
-56.372 9.95399 2257.16 18.7156 -12.4628 174.752 11.4892 -13 3 1 0 1 -0.452192 0.0849515 -0.32642 0 0 0 
-45.5788 0.142667 2356.08 20.6172 -20.5094 173.01 11.8782 -13 3 1 0 1 -0.331572 0.00836438 -1.86699 0 0 0 
-31.3818 -11.2146 2454.4 29.7983 -16.8354 171.293 12.2675 -13 3 1 0 1 -0.160541 -0.0486894 -3.11999 0 0 0 
-11.9934 -16.2336 2552.32 35.9498 1.34016 170.157 12.6574 -13 3 1 0 1 -0.0172454 -0.0180813 -3.81956 0 0 0 
6.90894 -8.88489 2650.16 26.9889 23.1342 169.468 13.0477 -13 3 1 0 1 -0.00931744 0.0303839 -3.78811 0 0 0 
17.3767 8.01375 2748.1 9.21015 32.6436 169.022 13.4384 -13 3 1 0 1 -0.0903097 -0.0338956 -3.03473 0 0 0 
19.0952 26.6621 2846.32 -1.12177 30.4165 168.905 13.8297 -13 3 1 0 1 -0.139823 -0.19358 -1.73905 0 0 0 
18.761 43.0621 2944.96 2.16454 25.8107 168.881 14.2214 -13 3 1 0 1 -0.150376 -0.349085 -0.160954 0 0 0 
23.8149 56.6248 3043.87 16.4071 19.6176 168.151 14.6136 -13 3 1 0 1 -0.177678 -0.429644 1.44673 0 0 0 
38.627 64.1699 3142.4 32.9854 3.74956 166.024 15.0063 -13 3 1 0 1 -0.214113 -0.361751 2.82616 0 0 0 
59.8076 58.7349 3239.87 34.5765 -22.7209 163.377 15.3994 -13 3 1 0 1 -0.131969 -0.132218 3.67692 0 0 0 
74.7427 39.0668 3336.65 12.6944 -39.6189 162.515 15.7931 -13 3 1 0 1 0.141838 0.0747675 3.73491 0 0 0 
74.1457 16.8746 3434.03 -12.9856 -30.722 163.609 16.1873 -13 3 1 0 1 0.412676 0.0961287 2.9697 0 0 0 
62.3593 4.91747 3532.52 -23.6286 -8.80772 164.266 16.5821 -13 3 1 0 1 0.494907 0.0409431 1.59312 0 0 0 
47.5964 5.27795 3631.38 -24.975 8.39595 163.292 16.9774 -13 3 1 0 1 0.425265 0.0475407 -0.094764 0 0 0 
31.4404 12.7674 3729.77 -29.4361 14.0128 161.354 17.3732 -13 3 1 0 1 0.275989 0.109566 -1.83268 0 0 0 
10.9253 18.8876 3827.42 -37.6045 2.88903 159.422 17.7695 -13 3 1 0 1 0.0845186 0.132978 -3.38594 0 0 0 
-11.8113 12.8543 3924.49 -32.6669 -23.885 157.925 18.1664 -13 3 1 0 1 -0.0430235 0.0539664 -4.51403 0 0 0 
-23.475 -8.61711 4021.24 -1.80506 -41.4325 156.839 18.5639 -13 3 1 0 1 -0.0122036 -0.00956352 -5.02654 0 0 0 
-13.46 -31.0171 4117.95 31.1665 -25.7515 156.285 18.962 -13 3 1 0 1 0.0366241 0.0658458 -4.89176 0 0 0 
9.13459 -37.1301 4215 36.448 5.71419 156.331 19.3607 -13 3 1 0 1 -0.0307925 0.145008 -4.27141 0 0 0 
27.4088 -26.6483 4312.65 20.4326 24.7077 156.57 19.7599 -13 3 1 0 1 -0.114589 0.113549 -3.44311 0 0 0 
34.4317 -9.65647 4410.89 2.80448 27.4274 156.6 20.1598 -13 3 1 0 1 -0.128319 0.0358547 -2.64029 0 0 0 
32.3191 6.29612 4509.56 -8.33389 22.6123 156.349 20.5603 -13 3 1 0 1 -0.0952071 -0.0190425 -1.97406 0 0 0 
25.0975 18.707 4608.51 -13.6985 16.6558 155.895 20.9614 -13 3 1 0 1 -0.0552179 -0.0415063 -1.46545 0 0 0 
15.5948 27.7005 4707.65 -15.754 11.8306 155.315 21.3632 -13 3 1 0 1 -0.0250735 -0.0445201 -1.09085 0 0 0 
5.29579 34.1135 4806.91 -16.2442 8.41993 154.658 21.7656 -13 3 1 0 1 -0.00632728 -0.0395338 -0.819505 0 0 0 
-5.13161 38.7458 4906.25 -16.0859 6.131 153.95 22.1687 -13 3 1 0 1 0.00405214 -0.0325258 -0.623223 0 0 0 
-15.425 42.1909 5005.66 -15.7025 4.62166 153.208 22.5725 -13 3 1 0 1 0.0091953 -0.0258929 -0.480164 0 0 0 
-25.504 44.8525 5105.12 -15.2735 3.62856 152.439 22.9769 -13 3 1 0 1 0.0113172 -0.0203683 -0.375004 0 0 0 
-35.3628 46.997 5204.61 -14.8677 2.97224 151.652 23.3821 -13 3 1 0 1 0.0117888 -0.0159985 -0.296681 0 0 0 
-45.0233 48.799 5304.12 -14.5065 2.53563 150.849 23.788 -13 3 1 0 1 0.0114051 -0.0126118 -0.237553 0 0 0 
-54.5145 50.3734 5403.66 -14.1922 2.24324 150.035 24.1946 -13 3 1 0 1 0.0106267 -0.0100158 -0.192458 0 0 0 
-63.8645 51.796 5503.21 -13.92 2.0464 149.21 24.6019 -13 3 1 0 1 0.00969031 -0.00801732 -0.157547 0 0 0 
-73.0978 53.1179 5602.78 -13.6831 1.91346 148.376 25.0101 -13 3 1 0 1 0.00873202 -0.00647548 -0.130238 0 0 0 
-82.235 54.3734 5702.35 -13.4753 1.82366 147.535 25.419 -13 3 1 0 1 0.00781646 -0.00527716 -0.108641 0 0 0 
-91.2928 55.586 5801.93 -13.2908 1.76316 146.687 25.8287 -13 3 1 0 1 0.00697324 -0.00433834 -0.0913709 0 0 0 
-100.285 56.7718 5901.52 -13.125 1.72269 145.832 26.2392 -13 3 1 0 1 0.00621233 -0.00359631 -0.077431 0 0 0 
-109.222 57.9419 6001.11 -12.9742 1.69595 144.971 26.6505 -13 3 1 0 1 0.00553619 -0.00300592 -0.0660879 0 0 0 
-118.114 59.103 6100.71 -12.8355 1.67512 144.105 27.0627 -13 3 1 0 1 0.00497825 -0.00255151 -0.0586177 0 0 0 
-126.967 60.259 6200.31 -12.7064 1.66064 143.232 27.4757 -13 3 1 0 1 0.00445242 -0.0021665 -0.0508387 0 0 0 
-135.788 61.4137 6299.91 -12.585 1.65071 142.354 27.8896 -13 3 1 0 1 0.00398947 -0.00185179 -0.0443427 0 0 0 
-135.855 61.4225 6300.68 -12.5841 1.65065 142.348 27.8928 -13 3 1 0 1 0.00398615 -0.00184961 -0.0442972 0 0 0 

# End of Event 3

# Event 4 Track 1
15.9611 3.85977 -700 8.6655 34.0219 195.561 0 -13 4 1 0 1 0.000138822 -7.11068e-06 1.97744 0 0 0 
22.7925 20.0863 -601.574 18.2117 29.8751 194.866 0.377796 -13 4 1 0 1 0.000363013 0.00027329 1.97518 0 0 0 
34.0903 33.5921 -503.148 26.0915 23.1282 194.171 0.755889 -13 4 1 0 1 0.000996946 0.000930091 1.97093 0 0 0 
48.8519 43.1892 -404.722 31.5957 14.4183 193.477 1.13428 -13 4 1 0 1 0.00247442 0.00212973 1.96351 0 0 0 
65.758 48.0573 -306.293 34.2446 4.58915 192.789 1.51298 -13 4 1 0 1 0.00518629 0.00372659 1.95106 0 0 0 
83.3049 47.8313 -207.856 33.8659 -5.41128 192.113 1.89199 -13 4 1 0 1 0.00800122 0.00452421 1.93282 0 0 0 
99.9753 42.6117 -109.404 30.6422 -14.7536 191.442 2.2713 -13 4 1 0 1 0.00428484 0.00174971 1.91302 0 0 0 
114.403 32.8153 -10.9482 25.0013 -23.1154 190.711 2.65093 -13 4 1 0 1 -0.0226261 -0.00657391 1.91322 0 0 0 
125.394 18.8324 87.4435 17.1077 -30.9068 189.752 3.03088 -13 4 1 0 1 -0.0859049 -0.0129933 1.98588 0 0 0 
131.592 0.841003 185.596 6.15705 -38.2361 188.356 3.41116 -13 4 1 0 1 -0.158629 -0.00111356 2.17934 0 0 0 
131.031 -20.4644 283.269 -9.00403 -42.6652 186.551 3.79175 -13 4 1 0 1 -0.168077 0.0261425 2.46396 0 0 0 
121.694 -42.2481 380.381 -26.6466 -38.8048 184.965 4.17269 -13 4 1 0 1 -0.0585418 0.0202091 2.68816 0 0 0 
103.906 -59.0442 477.293 -39.5417 -23.4452 184.5 4.55395 -13 4 1 0 1 0.123962 -0.0705611 2.63442 0 0 0 
82.2721 -65.7431 574.638 -40.3462 -1.77886 185.064 4.93555 -13 4 1 0 1 0.260394 -0.208204 2.17765 0 0 0 
63.2312 -61.4469 672.66 -30.5289 16.9498 185.437 5.3175 -13 4 1 0 1 0.302225 -0.293828 1.3482 0 0 0 
50.2574 -48.9696 770.993 -18.8273 28.9989 184.764 5.6998 -13 4 1 0 1 0.288005 -0.280773 0.27801 0 0 0 
42.0699 -31.4281 869.091 -13.4477 36.1763 183.224 6.08245 -13 4 1 0 1 0.251257 -0.187881 -0.891528 0 0 0 
33.9663 -11.0861 966.659 -18.7118 38.8333 181.468 6.46545 -13 4 1 0 1 0.182 -0.0596215 -2.01386 0 0 0 
20.3291 8.53972 1063.73 -32.9104 32.1436 180.002 6.84882 -13 4 1 0 1 0.0737208 0.0307456 -2.9015 0 0 0 
-1.20781 21.0601 1160.51 -45.4577 12.3815 178.958 7.23255 -13 4 1 0 1 -0.0011029 0.0171268 -3.34572 0 0 0 
-26.3136 20.9776 1257.23 -44.7289 -12.0938 178.404 7.61666 -13 4 1 0 1 0.0632716 -0.0507909 -3.20271 0 0 0 
-47.7363 9.85133 1354.23 -33.3994 -26.2335 178.608 8.00114 -13 4 1 0 1 0.246845 -0.05099 -2.46408 0 0 0 
-63.1929 -4.75812 1451.93 -24.596 -24.9921 179.458 8.386 -13 4 1 0 1 0.433387 0.0332137 -1.27006 0 0 0 
-76.347 -15.4004 1550.46 -24.7703 -12.2624 180.004 8.77125 -13 4 1 0 1 0.56468 0.115577 0.166472 0 0 0 
-91.0546 -16.5176 1649.31 -28.2142 9.6182 178.907 9.15688 -13 4 1 0 1 0.624338 0.116232 1.63087 0 0 0 
-105.485 -3.67823 1747.32 -21.0251 36.7829 175.592 9.54292 -13 4 1 0 1 0.533264 0.0222834 2.89053 0 0 0 
-110.545 22.1988 1843.64 5.51701 52.6232 171.929 9.92936 -13 4 1 0 1 0.213127 -0.0398232 3.65371 0 0 0 
-98.6035 49.2119 1939.03 35.3037 39.34 171.165 10.3162 -13 4 1 0 1 -0.183666 0.0926967 3.66692 0 0 0 
-75.4838 62.4699 2035.26 42.6894 7.26234 173.058 10.7035 -13 4 1 0 1 -0.391679 0.323607 2.91824 0 0 0 
-54.8313 58.5291 2132.9 28.8907 -19.0614 174.239 11.0911 -13 4 1 0 1 -0.398144 0.425209 1.63212 0 0 0 
-43.249 43.325 2231 13.385 -33.2725 173.218 11.4793 -13 4 1 0 1 -0.346852 0.350988 0.0958376 0 0 0 
-37.3633 22.0041 2328.51 10.0774 -41.2499 170.943 11.8678 -13 4 1 0 1 -0.284013 0.174476 -1.45115 0 0 0 
-28.5947 -2.21304 2425.11 23.2563 -41.893 168.71 12.2568 -13 4 1 0 1 -0.168275 -0.00407775 -2.78553 0 0 0 
-9.26297 -22.385 2521.03 43.9557 -25.2091 167.11 12.6462 -13 4 1 0 1 -0.0235779 -0.056527 -3.66971 0 0 0 
18.9599 -27.8148 2616.64 50.3905 7.3633 166.238 13.0361 -13 4 1 0 1 -0.0092189 0.0331545 -3.90499 0 0 0 
44.1823 -15.2609 2712.45 34.4745 32.9351 166.405 13.4264 -13 4 1 0 1 -0.189247 0.0778446 -3.41564 0 0 0 
58.1249 5.84717 2809.14 15.1322 36.5072 167.744 13.8172 -13 4 1 0 1 -0.40111 -0.0324868 -2.30143 0 0 0 
64.5183 24.3312 2907.19 9.54426 25.7042 169.364 14.2084 -13 4 1 0 1 -0.522933 -0.192763 -0.789167 0 0 0 
71.7462 34.7064 3006.34 16.4414 8.95996 169.771 14.6002 -13 4 1 0 1 -0.575665 -0.275997 0.861599 0 0 0 
83.7513 33.4978 3105.52 22.9566 -14.1473 167.877 14.9924 -13 4 1 0 1 -0.5542 -0.219502 2.39036 0 0 0 
95.3254 17.7033 3203.48 12.5369 -38.0873 164.436 15.3851 -13 4 1 0 1 -0.353319 -0.0620854 3.49124 0 0 0 
94.8448 -7.52736 3300.12 -15.3505 -42.1129 162.406 15.7784 -13 4 1 0 1 0.0289121 0.00332749 3.85423 0 0 0 
78.7609 -26.5585 3396.81 -35.0798 -18.6172 162.929 16.1721 -13 4 1 0 1 0.33825 -0.107279 3.35853 0 0 0 
57.6965 -28.5869 3494.41 -32.3538 10.6713 163.404 16.5663 -13 4 1 0 1 0.415694 -0.199973 2.17284 0 0 0 
41.51 -16.0222 3592.22 -22.1023 29.1319 162.059 16.9611 -13 4 1 0 1 0.361146 -0.135904 0.590077 0 0 0 
28.9235 4.45243 3689.28 -22.2813 37.1111 159.58 17.3564 -13 4 1 0 1 0.260523 0.0395141 -1.12387 0 0 0 
11.179 26.2153 3785.2 -38.4557 31.4543 156.878 17.7523 -13 4 1 0 1 0.0947745 0.206714 -2.75206 0 0 0 
-18.2407 37.3647 3879.91 -55.5837 0.478795 154.043 18.1487 -13 4 1 0 1 -0.09752 0.213991 -4.08413 0 0 0 
-49.7392 23.2486 3973.35 -39.5205 -45.6882 151.36 18.5456 -13 4 1 0 1 -0.121736 0.0589376 -4.90382 0 0 0 
-58.6006 -11.9987 4065.97 13.408 -59.8308 150.134 18.9432 -13 4 1 0 1 0.0484184 0.00629714 -5.08198 0 0 0 
-36.1217 -39.6904 4158.88 52.5862 -23.9088 150.677 19.3413 -13 4 1 0 1 0.119952 0.12305 -4.68782 0 0 0 
-2.77077 -39.6793 4252.79 48.3923 21.5479 151.577 19.74 -13 4 1 0 1 0.0160966 0.166546 -3.95943 0 0 0 
19.4447 -17.7689 4347.58 21.6351 44.2421 151.98 20.1393 -13 4 1 0 1 -0.0785227 0.0732868 -3.14738 0 0 0 
24.854 11.3694 4442.98 -2.89589 46.2467 152.046 20.5392 -13 4 1 0 1 -0.0862157 -0.0405201 -2.40799 0 0 0 
17.8333 38.6885 4538.87 -17.7765 39.8015 152.01 20.9398 -13 4 1 0 1 -0.0481507 -0.105822 -1.80431 0 0 0 
3.96313 61.5239 4635.22 -24.9845 32.4027 151.906 21.3409 -13 4 1 0 1 -0.00794568 -0.12452 -1.3433 0 0 0 
-13.0292 80.2057 4731.97 -27.8354 26.5465 151.699 21.7427 -13 4 1 0 1 0.0189783 -0.117838 -1.00239 0 0 0 
-31.1723 95.8186 4829.06 -28.5742 22.47 151.373 22.1452 -13 4 1 0 1 0.0328591 -0.101803 -0.754591 0 0 0 
-49.5476 109.361 4926.42 -28.3936 19.7791 150.934 22.5483 -13 4 1 0 1 0.0379551 -0.0844092 -0.574659 0 0 0 
-67.7708 121.563 5023.98 -27.8619 18.0392 150.4 22.9521 -13 4 1 0 1 0.0380666 -0.0687898 -0.443304 0 0 0 
-85.7062 132.915 5121.71 -27.2328 16.9205 149.792 23.3567 -13 4 1 0 1 0.0357087 -0.05579 -0.34648 0 0 0 
-103.327 143.738 5219.54 -26.6114 16.1995 149.128 23.7619 -13 4 1 0 1 0.0323454 -0.045334 -0.27434 0 0 0 
-120.651 154.236 5317.47 -26.0367 15.7316 148.42 24.1678 -13 4 1 0 1 0.0287378 -0.0370186 -0.219848 0 0 0 
-137.709 164.539 5415.46 -25.5186 15.4242 147.68 24.5745 -13 4 1 0 1 0.0252724 -0.0304327 -0.17821 0 0 0 
-154.538 174.733 5513.51 -25.0552 15.2189 146.914 24.9819 -13 4 1 0 1 0.0221074 -0.0251973 -0.145957 0 0 0 
-171.168 184.871 5611.59 -24.6404 15.0781 146.128 25.3901 -13 4 1 0 1 0.0193114 -0.0210296 -0.120739 0 0 0 
-187.63 194.987 5709.71 -24.267 14.9778 145.327 25.799 -13 4 1 0 1 0.0168668 -0.0176773 -0.100753 0 0 0 
-203.947 205.103 5807.85 -23.9284 14.9025 144.512 26.2088 -13 4 1 0 1 0.0147573 -0.014971 -0.0847886 0 0 0 
-220.14 215.234 5906.01 -23.6188 14.8422 143.686 26.6193 -13 4 1 0 1 0.0129358 -0.0127618 -0.0718812 0 0 0 
-236.225 225.386 6004.18 -23.3331 14.7903 142.851 27.0307 -13 4 1 0 1 0.0113725 -0.0109516 -0.061374 0 0 0 
-252.219 235.564 6102.37 -23.0704 14.7366 142.007 27.443 -13 4 1 0 1 0.0101159 -0.00953765 -0.0545854 0 0 0 
-268.133 245.766 6200.57 -22.8243 14.6843 141.155 27.8561 -13 4 1 0 1 0.00895815 -0.0082911 -0.047367 0 0 0 
-283.979 255.996 6298.77 -22.6 14.6305 140.295 28.2701 -13 4 1 0 1 0 0 0 0 0 0 
-284.286 256.195 6300.68 -22.5973 14.6287 140.278 28.2781 -13 4 1 0 1 0 0 0 0 0 0 

# End of Event 4

# Event 5 Track 1
-8.2004 -3.41364 -700 53.2717 -17.2606 194.605 0 -13 5 1 0 1 -6.797e-05 -6.93413e-05 1.97743 0 0 0 
16.4951 -15.6381 -603.9 45.8747 -31.7812 193.933 0.376239 -13 5 1 0 1 0.000262498 -0.00028992 1.97517 0 0 0 
36.614 -34.4684 -507.8 34.632 -43.5155 193.261 0.752757 -13 5 1 0 1 0.00104279 -0.00102591 1.97118 0 0 0 
50.4472 -58.2975 -411.699 20.5538 -51.4501 192.593 1.12956 -13 5 1 0 1 0.00246187 -0.00289153 1.96434 0 0 0 
56.8482 -85.0784 -315.592 4.93796 -54.9214 191.938 1.50664 -13 5 1 0 1 0.00434307 -0.00654751 1.95319 0 0 0 
55.3554 -112.519 -219.47 -10.7651 -53.7174 191.31 1.88402 -13 5 1 0 1 0.00560898 -0.0114475 1.93562 0 0 0 
46.2214 -138.326 -123.316 -25.2035 -48.138 190.706 2.26168 -13 5 1 0 1 0.00375094 -0.0112636 1.91075 0 0 0 
30.2638 -160.446 -27.1342 -37.6114 -38.9013 190.037 2.63964 -13 5 1 0 1 -0.00285762 0.0151427 1.88819 0 0 0 
8.40995 -177.166 68.9755 -48.4136 -26.5343 188.985 3.0179 -13 5 1 0 1 -0.00467587 0.0987631 1.91704 0 0 0 
-18.8192 -186.703 164.681 -58.4392 -10.118 186.995 3.39646 -13 5 1 0 1 0.0224304 0.222233 2.07917 0 0 0 
-50.7008 -186.372 259.396 -65.4171 12.5649 183.765 3.77533 -13 5 1 0 1 0.0784752 0.288271 2.39627 0 0 0 
-83.9342 -172.819 352.636 -61.6666 40.6925 180.197 4.15451 -13 5 1 0 1 0.0902264 0.185594 2.74725 0 0 0 
-110.839 -145.275 444.799 -39.9068 64.3175 178.672 4.534 -13 5 1 0 1 -0.046624 -0.0612897 2.86892 0 0 0 
-122.816 -109.783 537.372 -5.74326 69.3554 180.37 4.91381 -13 5 1 0 1 -0.299963 -0.26832 2.55667 0 0 0 
-117.405 -77.1115 631.587 24.8126 54.2191 183.153 5.29394 -13 5 1 0 1 -0.500384 -0.32885 1.82107 0 0 0 
-99.2423 -54.7767 727.255 42.9525 31.7707 184.311 5.67439 -13 5 1 0 1 -0.541386 -0.299033 0.806543 0 0 0 
-74.2313 -42.9014 823.305 51.8485 15.5916 183.354 6.05517 -13 5 1 0 1 -0.444139 -0.256923 -0.336612 0 0 0 
-45.6793 -36.0552 918.893 56.5268 13.1638 181.402 6.43629 -13 5 1 0 1 -0.264943 -0.209379 -1.48467 0 0 0 
-15.8887 -26.3074 1013.83 55.1298 26.2229 179.651 6.81774 -13 5 1 0 1 -0.074131 -0.122994 -2.48782 0 0 0 
9.96122 -6.83267 1108.36 39.9842 47.7176 178.471 7.19954 -13 5 1 0 1 0.0242385 -0.0168792 -3.16935 0 0 0 
23.7296 22.8147 1202.73 10.4731 61.4744 177.667 7.58168 -13 5 1 0 1 -0.0142075 -0.0136587 -3.36684 0 0 0 
21.1798 55.1895 1297.21 -18.1628 57.4794 177.618 7.96417 -13 5 1 0 1 -0.0784217 -0.2033 -2.9923 0 0 0 
7.53974 82.5222 1392.39 -29.3282 44.8716 178.986 8.34701 -13 5 1 0 1 -0.0465173 -0.499411 -2.0758 0 0 0 
-6.5924 104.399 1488.92 -20.3984 38.4374 180.953 8.73022 -13 5 1 0 1 0.0464544 -0.761369 -0.765911 0 0 0 
-11.5043 125.339 1586.5 4.54449 39.8999 180.979 9.11379 -13 5 1 0 1 0.0832341 -0.937702 0.72569 0 0 0 
0.648726 146.361 1683.33 41.7878 35.0449 176.411 9.49773 -13 5 1 0 1 -0.00912779 -0.971958 2.19984 0 0 0 
33.3843 158.416 1776.75 75.7549 4.11444 167.538 9.88204 -13 5 1 0 1 -0.158586 -0.716511 3.41159 0 0 0 
76.3942 146.492 1865.82 73.7699 -48.6568 160.453 10.2667 -13 5 1 0 1 -0.102005 -0.175638 4.02187 0 0 0 
105.343 108.955 1953.39 26.9352 -81.5417 160.967 10.6518 -13 5 1 0 1 0.248343 0.269571 3.81794 0 0 0 
104.671 65.6119 2043.07 -26.6728 -69.8054 165.624 11.0373 -13 5 1 0 1 0.561573 0.360202 2.91665 0 0 0 
80.6166 35.9998 2135.23 -56.0846 -37.2184 167.977 11.4231 -13 5 1 0 1 0.580639 0.265194 1.61149 0 0 0 
46.2766 22.5407 2228.1 -65.9845 -14.7051 167.058 11.8094 -13 5 1 0 1 0.367294 0.184441 0.14314 0 0 0 
8.59058 15.3465 2320.44 -68.7155 -15.3683 165.083 12.1961 -13 5 1 0 1 0.0667093 0.124251 -1.31964 0 0 0 
-28.5447 1.01184 2412.09 -61.5253 -39.0901 163.186 12.5831 -13 5 1 0 1 -0.176788 0.015191 -2.62474 0 0 0 
-55.6547 -29.8899 2502.96 -30.4231 -69.7807 160.875 12.9706 -13 5 1 0 1 -0.203063 -0.100268 -3.60789 0 0 0 
-58.4675 -72.645 2592.9 21.5639 -75.503 158.882 13.3585 -13 5 1 0 1 -0.0074833 -0.00346419 -4.07435 0 0 0 
-34.0504 -107.69 2682.95 58.913 -43.8924 160.454 13.7469 -13 5 1 0 1 0.124518 0.389072 -3.84261 0 0 0 
0.427103 -121.205 2775.62 56.1911 -6.2532 166.374 14.1357 -13 5 1 0 1 0.00170227 0.792974 -2.88301 0 0 0 
25.2449 -119.573 2872.34 29.1196 7.43476 172.36 14.5249 -13 5 1 0 1 -0.20004 0.972187 -1.40072 0 0 0 
33.2261 -116.438 2971.84 -0.953595 1.97506 174.188 14.9146 -13 5 1 0 1 -0.274554 0.981021 0.302253 0 0 0 
24.4308 -116.91 3071.34 -29.125 -1.45753 170.971 15.3047 -13 5 1 0 1 -0.177007 0.87643 1.94781 0 0 0 
1.19708 -114.2 3168.46 -48.2968 14.6496 165.136 15.6953 -13 5 1 0 1 0.000819754 0.583799 3.22868 0 0 0 
-26.0119 -96.9438 3262.97 -39.6122 44.8777 161.152 16.0863 -13 5 1 0 1 0.0443904 0.140809 3.82794 0 0 0 
-39.0812 -65.2008 3356.65 -2.58701 59.0739 160.603 16.4779 -13 5 1 0 1 -0.0941198 -0.16544 3.618 0 0 0 
-29.2328 -33.5474 3450.76 33.5918 45.7173 160.649 16.8699 -13 5 1 0 1 -0.166146 -0.194867 2.72038 0 0 0 
-3.45279 -12.628 3544.99 50.9648 26.8022 159.524 17.2624 -13 5 1 0 1 -0.021961 -0.0985849 1.36563 0 0 0 
28.2064 1.39061 3638.8 54.4574 24.3876 157.927 17.6554 -13 5 1 0 1 0.254168 0.013131 -0.228174 0 0 0 
58.657 20.8559 3731.96 45.0943 44.5382 155.635 18.0489 -13 5 1 0 1 0.51148 0.179605 -1.8819 0 0 0 
76.2543 56.3262 3823.41 7.91652 72.8967 150.336 18.4429 -13 5 1 0 1 0.567067 0.412633 -3.42048 0 0 0 
61.6532 100.952 3910.89 -58.6303 65.7451 141.267 18.8374 -13 5 1 0 1 0.313909 0.498694 -4.61795 0 0 0 
11.0944 121.473 3993.4 -97.7343 -6.17294 133.661 19.2325 -13 5 1 0 1 0.0295721 0.225323 -5.21779 0 0 0 
-38.4475 92.0975 4073.55 -52.4823 -83.3296 132.274 19.6281 -13 5 1 0 1 0.0476237 -0.0966158 -5.17377 0 0 0 
-43.7042 35.5791 4154.37 34.6049 -88.7927 133.615 20.0243 -13 5 1 0 1 0.140253 -0.110499 -4.71895 0 0 0 
-3.56098 -3.42127 4236.09 87.4752 -33.5881 133.77 20.421 -13 5 1 0 1 0.0193561 0.0127467 -4.09408 0 0 0 
52.5411 -4.57513 4318.15 88.2732 26.824 133.803 20.8183 -13 5 1 0 1 -0.222792 0.0187546 -3.39449 0 0 0 
99.706 24.2652 4401.12 62.9274 61.8593 135.533 21.2161 -13 5 1 0 1 -0.385417 -0.0948083 -2.68058 0 0 0 
130.262 66.9716 4486.07 36.8103 72.873 138.677 21.6146 -13 5 1 0 1 -0.410136 -0.211619 -2.0308 0 0 0 
147.246 112.314 4573.5 19.2897 71.5079 141.96 22.0136 -13 5 1 0 1 -0.351687 -0.268627 -1.50137 0 0 0 
156.014 155.503 4663.25 9.83945 66.2368 144.553 22.4132 -13 5 1 0 1 -0.27212 -0.271278 -1.10261 0 0 0 
160.652 195.438 4754.8 5.53527 60.8026 146.267 22.8135 -13 5 1 0 1 -0.201636 -0.245125 -0.814136 0 0 0 
163.57 232.419 4847.66 4.01406 56.3127 147.23 23.2144 -13 5 1 0 1 -0.147641 -0.209482 -0.608228 0 0 0 
166.025 267.074 4941.43 3.85936 52.8593 147.64 23.6159 -13 5 1 0 1 -0.10856 -0.174265 -0.461036 0 0 0 
168.618 299.987 5035.82 4.31669 50.2526 147.667 24.0181 -13 5 1 0 1 -0.0807917 -0.143344 -0.354841 0 0 0 
171.61 331.612 5130.64 5.03972 48.292 147.428 24.4209 -13 5 1 0 1 -0.0565329 -0.108846 -0.231552 0 0 0 
174.897 362.705 5225.63 5.0781 48.0044 146.648 24.8244 -13 5 1 0 1 0 0 0 0 0 0 
178.186 393.798 5320.61 5.05072 47.7456 145.857 25.2286 -13 5 1 0 1 0 0 0 0 0 0 
181.475 424.891 5415.6 5.02321 47.4855 145.063 25.6335 -13 5 1 0 1 0 0 0 0 0 0 
184.764 455.984 5510.59 4.99558 47.2244 144.265 26.0391 -13 5 1 0 1 0 0 0 0 0 0 
188.053 487.078 5605.57 4.96783 46.9619 143.464 26.4455 -13 5 1 0 1 0 0 0 0 0 0 
191.342 518.171 5700.56 4.93994 46.6983 142.658 26.8526 -13 5 1 0 1 0 0 0 0 0 0 
194.632 549.264 5795.55 4.91191 46.4334 141.849 27.2604 -13 5 1 0 1 0 0 0 0 0 0 
197.921 580.357 5890.53 4.88375 46.1672 141.036 27.669 -13 5 1 0 1 0 0 0 0 0 0 
201.21 611.45 5985.52 4.85545 45.8996 140.218 28.0784 -13 5 1 0 1 0 0 0 0 0 0 
204.499 642.544 6080.5 4.827 45.6307 139.397 28.4886 -13 5 1 0 1 0 0 0 0 0 0 
207.788 673.637 6175.49 4.79841 45.3604 138.571 28.8996 -13 5 1 0 1 0 0 0 0 0 0 
211.077 704.73 6270.48 4.76966 45.0887 137.741 29.3115 -13 5 1 0 1 0 0 0 0 0 0 
212.123 714.616 6300.68 4.76048 45.0018 137.476 29.4427 -13 5 1 0 1 0 0 0 0 0 0 

# End of Event 5

# Event 6 Track 1
9.4123 23.3781 -700 -10.3137 -2.85478 202.866 0 -13 6 1 0 1 8.23892e-05 0.000159271 1.97744 0 0 0 
4.2021 22.7287 -600.139 -10.6687 0.233845 202.17 0.375983 -13 6 1 0 1 7.03143e-05 0.000319973 1.9751 0 0 0 
-0.979243 23.6078 -500.278 -10.1279 3.28827 201.472 0.752242 -13 6 1 0 1 -2.49895e-05 0.000653746 1.97065 0 0 0 
-5.69756 25.9433 -400.418 -8.74892 6.04545 200.772 1.12878 -13 6 1 0 1 -0.000290078 0.00129256 1.96264 0 0 0 
-9.56365 29.5365 -300.558 -6.67121 8.26931 200.072 1.5056 -13 6 1 0 1 -0.00074682 0.00226961 1.94971 0 0 0 
-12.2704 34.082 -200.699 -4.09279 9.7821 199.37 1.88271 -13 6 1 0 1 -0.00105748 0.00289725 1.93217 0 0 0 
-13.607 39.2032 -100.84 -1.19388 10.4947 198.668 2.2601 -13 6 1 0 1 -5.53786e-05 0.000120145 1.91978 0 0 0 
-13.4174 44.4967 -0.981653 2.00438 10.3944 197.962 2.63779 -13 6 1 0 1 0.00365579 -0.0121571 1.94109 0 0 0 
-11.4971 49.5408 98.871 5.6906 9.40176 197.233 3.01577 -13 6 1 0 1 0.00858126 -0.0369902 2.03877 0 0 0 
-7.5586 53.7994 198.7 9.8844 7.13087 196.455 3.39405 -13 6 1 0 1 0.0087747 -0.062401 2.2344 0 0 0 
-1.51328 56.4633 298.478 13.6397 3.00614 195.626 3.77263 -13 6 1 0 1 0.00162364 -0.0597034 2.47334 0 0 0 
5.90713 56.5755 398.199 14.767 -2.69973 194.838 4.15152 -13 6 1 0 1 -0.000499809 -0.00522126 2.61019 0 0 0 
12.8149 53.7967 497.917 11.4036 -7.7586 194.215 4.53072 -13 6 1 0 1 0.0210092 0.0878926 2.46775 0 0 0 
16.9636 49.2115 597.72 4.32509 -9.34868 193.718 4.91024 -13 6 1 0 1 0.0602968 0.174632 1.94253 0 0 0 
17.0922 44.8199 697.615 -3.79237 -7.20663 193.107 5.29007 -13 6 1 0 1 0.0862861 0.225954 1.06621 0 0 0 
13.131 41.924 797.487 -11.3662 -4.13633 192.183 5.67022 -13 6 1 0 1 0.076775 0.244761 -0.0384248 0 0 0 
5.39495 40.0159 897.164 -18.1955 -3.99578 190.94 6.0507 -13 6 1 0 1 0.0318013 0.235334 -1.22482 0 0 0 
-5.448 36.7008 996.513 -22.5948 -9.78959 189.536 6.4315 -13 6 1 0 1 -0.0269995 0.18179 -2.3243 0 0 0 
-17.0028 28.8513 1095.52 -19.895 -20.5132 188.253 6.81265 -13 6 1 0 1 -0.047899 0.0809915 -3.11573 0 0 0 
-24.6059 15.5902 1194.32 -7.70952 -28.6417 187.355 7.19412 -13 6 1 0 1 0.00736474 -0.00494484 -3.36959 0 0 0 
-24.5911 0.412894 1293.13 7.30202 -27.1481 186.863 7.57594 -13 6 1 0 1 0.0864264 -0.0015084 -2.97979 0 0 0 
-18.0636 -11.9561 1392.13 15.8068 -19.1576 186.596 7.95811 -13 6 1 0 1 0.106519 0.0713195 -2.02009 0 0 0 
-9.28955 -20.2616 1491.39 16.0038 -12.838 186.39 8.34062 -13 6 1 0 1 0.0648296 0.145979 -0.697247 0 0 0 
-1.9479 -26.592 1590.92 10.7774 -11.6539 186.113 8.7235 -13 6 1 0 1 0.010994 0.194524 0.758156 0 0 0 
1.55373 -33.2343 1690.63 1.71022 -13.12 185.588 9.10673 -13 6 1 0 1 -0.0145416 0.207794 2.12278 0 0 0 
-0.525531 -40.1469 1790.35 -9.38871 -11.5957 184.727 9.49032 -13 6 1 0 1 -0.00473623 0.15312 3.14186 0 0 0 
-7.87344 -44.5995 1889.97 -16.4674 -4.08464 183.815 9.87429 -13 6 1 0 1 -0.00622861 0.0116739 3.55023 0 0 0 
-16.6003 -44.443 1989.58 -14.1076 3.98052 183.277 10.2586 -13 6 1 0 1 -0.0656594 -0.153044 3.20799 0 0 0 
-22.0344 -41.5341 2089.38 -5.36198 5.3647 182.969 10.6433 -13 6 1 0 1 -0.144345 -0.258674 2.19219 0 0 0 
-22.3581 -39.7148 2189.34 4.06187 0.730034 182.342 11.0285 -13 6 1 0 1 -0.175753 -0.30347 0.752498 0 0 0 
-17.575 -40.738 2289.21 13.4733 -3.86658 181.107 11.4139 -13 6 1 0 1 -0.138908 -0.316318 -0.838337 0 0 0 
-7.36918 -42.7086 2388.66 23.3715 -1.62108 179.384 11.7998 -13 6 1 0 1 -0.0477308 -0.281713 -2.32842 0 0 0 
7.31911 -40.4759 2487.52 27.8612 11.2686 177.64 12.1861 -13 6 1 0 1 0.034971 -0.16002 -3.44406 0 0 0 
20.7481 -29.5351 2585.96 17.7194 27.2085 176.456 12.5728 -13 6 1 0 1 0.0153528 -0.00257224 -3.9171 0 0 0 
24.987 -12.4781 2684.34 -2.94478 31.0982 175.92 12.9599 -13 6 1 0 1 -0.0797405 0.053652 -3.61175 0 0 0 
18.4994 2.73172 2782.92 -18.2756 21.9405 175.617 13.3474 -13 6 1 0 1 -0.113253 -0.0083777 -2.62085 0 0 0 
6.61343 12.1657 2881.75 -22.3208 12.5282 175.313 13.7354 -13 6 1 0 1 -0.0483509 -0.0897428 -1.18456 0 0 0 
-5.42382 18.4158 2980.82 -19.4435 11.0505 174.995 14.1238 -13 6 1 0 1 0.0483786 -0.144846 0.426466 0 0 0 
-14.512 26.067 3080.1 -11.6078 16.6003 174.492 14.5126 -13 6 1 0 1 0.10777 -0.179302 1.9619 0 0 0 
-17.381 37.2461 3179.4 2.4902 21.59 173.551 14.9018 -13 6 1 0 1 0.0853605 -0.163197 3.15061 0 0 0 
-11.3709 48.7674 3278.52 17.6123 16.592 172.458 15.2915 -13 6 1 0 1 0.015834 -0.0290347 3.70099 0 0 0 
0.656943 54.6567 3377.59 21.6297 3.60163 171.993 15.6817 -13 6 1 0 1 0.0098635 0.191287 3.43356 0 0 0 
10.9669 53.9265 3477.03 12.542 -4.44829 172.108 16.0723 -13 6 1 0 1 0.0793978 0.362135 2.40019 0 0 0 
14.3722 51.3804 3576.92 -0.894851 -3.17942 171.823 16.4634 -13 6 1 0 1 0.126616 0.435483 0.85538 0 0 0 
9.93517 50.6094 3676.79 -14.285 -0.0377216 170.489 16.855 -13 6 1 0 1 0.0934223 0.450079 -0.904755 0 0 0 
-2.17685 49.647 3776.02 -26.4026 -5.43422 168.169 17.247 -13 6 1 0 1 -0.0114755 0.400995 -2.61823 0 0 0 
-18.9625 41.4441 3874.2 -27.3945 -24.1567 165.562 17.6395 -13 6 1 0 1 -0.10491 0.244442 -4.02051 0 0 0 
-29.5294 21.3892 3971.47 -4.34546 -40.8415 163.693 18.0326 -13 6 1 0 1 -0.0707672 0.0554777 -4.86361 0 0 0 
-21.8435 -1.18978 4068.39 28.9576 -29.6661 162.794 18.4261 -13 6 1 0 1 0.0238949 -0.00107508 -5.02932 0 0 0 
0.408044 -9.32613 4165.35 40.4248 3.45619 162.212 18.8202 -13 6 1 0 1 0.00500529 0.0283174 -4.62147 0 0 0 
21.2603 1.31274 4262.43 26.46 28.9492 161.738 19.2148 -13 6 1 0 1 -0.0861424 -0.00673637 -3.87533 0 0 0 
31.1121 21.6663 4359.77 6.81802 35.963 161.545 19.6099 -13 6 1 0 1 -0.125665 -0.0898987 -3.044 0 0 0 
30.8456 42.6004 4457.53 -6.32415 32.2863 161.535 20.0055 -13 6 1 0 1 -0.10384 -0.145398 -2.29874 0 0 0 
24.8683 60.3706 4555.74 -12.3754 26.1793 161.484 20.4017 -13 6 1 0 1 -0.0640191 -0.15662 -1.70497 0 0 0 
16.5969 74.7197 4654.36 -14.2235 21.0578 161.276 20.7985 -13 6 1 0 1 -0.0314475 -0.141785 -1.26229 0 0 0 
7.8247 86.4799 4753.27 -14.1606 17.4989 160.902 21.1958 -13 6 1 0 1 -0.01086 -0.118296 -0.940523 0 0 0 
-0.694938 96.5116 4852.4 -13.3984 15.1947 160.395 21.5937 -13 6 1 0 1 0.000448773 -0.0951438 -0.708847 0 0 0 
-8.71688 105.446 4951.68 -12.4731 13.7374 159.793 21.9922 -13 6 1 0 1 0.00598452 -0.0755045 -0.541637 0 0 0 
-16.2103 113.699 5051.05 -11.5922 12.8169 159.125 22.3913 -13 6 1 0 1 0.00826794 -0.059748 -0.419474 0 0 0 
-23.2228 121.529 5150.5 -10.8207 12.2293 158.412 22.7909 -13 6 1 0 1 0.00884429 -0.0475013 -0.329458 0 0 0 
-29.8229 129.099 5250 -10.1672 11.847 157.669 23.1912 -13 6 1 0 1 0.00857365 -0.0380275 -0.262104 0 0 0 
-36.0779 136.509 5349.52 -9.61996 11.5918 156.903 23.5922 -13 6 1 0 1 0.00792269 -0.0306928 -0.211008 0 0 0 
-42.0468 143.823 5449.08 -9.16236 11.4159 156.121 23.9937 -13 6 1 0 1 0.00714333 -0.025011 -0.171846 0 0 0 
-47.7788 151.08 5548.65 -8.77806 11.2895 155.326 24.396 -13 6 1 0 1 0.00635049 -0.0205553 -0.141366 0 0 0 
-53.3138 158.305 5648.23 -8.45311 11.1943 154.522 24.7989 -13 6 1 0 1 0.00560612 -0.0170431 -0.1174 0 0 0 
-58.6845 165.514 5747.83 -8.17597 11.1185 153.71 25.2024 -13 6 1 0 1 0.00493288 -0.0142488 -0.0983553 0 0 0 
-63.9171 172.716 5847.43 -7.9374 11.0548 152.891 25.6067 -13 6 1 0 1 0.00433614 -0.0120049 -0.0830524 0 0 0 
-69.0329 179.919 5947.04 -7.7301 10.9985 152.066 26.0116 -13 6 1 0 1 0.00381385 -0.0101887 -0.0706475 0 0 0 
-74.0496 187.126 6046.65 -7.54912 10.9456 151.236 26.4173 -13 6 1 0 1 0.00338688 -0.0087755 -0.0624014 0 0 0 
-78.9822 194.339 6146.27 -7.39005 10.8939 150.4 26.8237 -13 6 1 0 1 0.00299316 -0.00755495 -0.0539628 0 0 0 
-83.8428 201.558 6245.89 -7.24799 10.8434 149.559 27.2308 -13 6 1 0 1 0.00265228 -0.006544 -0.0469471 0 0 0 
-86.4833 205.532 6300.68 -7.17596 10.8159 149.094 27.4551 -13 6 1 0 1 0.00248456 -0.00606191 -0.0435906 0 0 0 

# End of Event 6

# Event 7 Track 1
0.793378 23.302 -700 5.16826 61.6915 186.813 0 -13 7 1 0 1 8.87931e-06 0.000159191 1.97743 0 0 0 
8.06184 53.7851 -605.076 23.1349 57.1801 186.142 0.378596 -13 7 1 0 1 0.000127382 0.000786292 1.97532 0 0 0 
24.0403 80.7394 -510.152 38.9029 47.5635 185.472 0.757499 -13 7 1 0 1 0.000664969 0.00217197 1.97169 0 0 0 
47.2802 101.737 -415.222 51.0175 33.7609 184.813 1.13671 -13 7 1 0 1 0.00222974 0.00473421 1.96553 0 0 0 
75.6496 114.914 -320.279 58.3644 17.1292 184.179 1.51624 -13 7 1 0 1 0.00568795 0.00857238 1.95536 0 0 0 
106.54 119.173 -225.303 60.3263 -0.660427 183.591 1.89608 -13 7 1 0 1 0.011393 0.0126711 1.93766 0 0 0 
137.155 114.305 -130.265 56.936 -17.8646 183.053 2.27625 -13 7 1 0 1 0.0149782 0.0124041 1.90868 0 0 0 
164.882 100.921 -35.1583 48.9858 -33.2035 182.461 2.65674 -13 7 1 0 1 -0.00435984 -0.00275402 1.87209 0 0 0 
187.639 79.9579 59.897 37.6715 -46.9028 181.384 3.03756 -13 7 1 0 1 -0.0894537 -0.0382114 1.8758 0 0 0 
203.675 51.8131 154.455 22.7299 -60.4975 179.075 3.41871 -13 7 1 0 1 -0.235917 -0.0601158 2.02281 0 0 0 
210.311 16.5707 247.725 1.07745 -72.755 175.146 3.8002 -13 7 1 0 1 -0.33922 -0.0268359 2.34577 0 0 0 
203.174 -23.2983 339.033 -29.2875 -75.6109 170.652 4.18204 -13 7 1 0 1 -0.259778 0.0296737 2.72382 0 0 0 
178.997 -59.8186 428.759 -60.7134 -58.3142 168.336 4.56422 -13 7 1 0 1 0.0156576 -0.00535372 2.8892 0 0 0 
141.39 -81.8032 518.563 -76.8608 -22.3579 169.539 4.94675 -13 7 1 0 1 0.28707 -0.166214 2.63696 0 0 0 
101.022 -83.2697 609.845 -71.0627 15.6225 172.002 5.32963 -13 7 1 0 1 0.390217 -0.321773 1.98095 0 0 0 
67.3144 -67.2391 702.491 -54.1562 41.6485 173.03 5.71288 -13 7 1 0 1 0.347513 -0.347259 1.05493 0 0 0 
42.005 -40.9396 795.551 -41.569 53.9732 172.321 6.09649 -13 7 1 0 1 0.245712 -0.239633 -0.0121052 0 0 0 
20.0233 -10.9432 888.377 -42.2202 55.1352 171.004 6.48047 -13 7 1 0 1 0.118263 -0.0648282 -1.11917 0 0 0 
-6.16872 16.429 980.878 -55.8211 43.0386 169.782 6.86483 -13 7 1 0 1 -0.0318373 0.0846289 -2.15778 0 0 0 
-41.0467 32.5181 1073.05 -70.7933 12.9926 168.356 7.24956 -13 7 1 0 1 -0.140803 0.111304 -2.99488 0 0 0 
-80.2077 28.3203 1164.73 -68.0598 -28.5859 166.749 7.63468 -13 7 1 0 1 -0.0580808 0.0202691 -3.46551 0 0 0 
-111.126 3.33945 1256.26 -41.6201 -58.1134 166.961 8.02019 -13 7 1 0 1 0.273867 -0.00836477 -3.39373 0 0 0 
-125.441 -30.0893 1349.29 -12.2829 -58.156 170.832 8.40609 -13 7 1 0 1 0.663725 0.159389 -2.68754 0 0 0 
-128.566 -57.0178 1445.47 -3.12463 -37.0653 176.252 8.7924 -13 7 1 0 1 0.905001 0.402273 -1.44933 0 0 0 
-132.736 -70.0196 1544.41 -14.0744 -9.01414 178.608 9.17911 -13 7 1 0 1 1.0123 0.536235 0.0715736 0 0 0 
-144.835 -65.8924 1643.41 -27.7456 25.0738 174.683 9.56623 -13 7 1 0 1 1.04577 0.479667 1.63563 0 0 0 
-159.739 -40.8645 1738.84 -19.8642 63.6065 164.94 9.95377 -13 7 1 0 1 0.894115 0.233686 2.9994 0 0 0 
-160.418 1.95926 1828.87 22.0855 81.9886 155.464 10.3417 -13 7 1 0 1 0.425755 -0.000809611 3.82787 0 0 0 
-133.543 42.548 1915.73 69.6178 53.7235 152.905 10.7301 -13 7 1 0 1 -0.125659 0.0423984 3.88494 0 0 0 
-88.4164 57.3591 2003.21 82.0432 -2.43288 155.274 11.119 -13 7 1 0 1 -0.371571 0.241327 3.24783 0 0 0 
-46.3733 42.2083 2092.3 62.544 -46.4897 156.552 11.5082 -13 7 1 0 1 -0.302714 0.275501 2.17181 0 0 0 
-16.9587 8.94297 2181.78 42.3662 -65.9682 155.466 11.898 -13 7 1 0 1 -0.132582 0.0730497 0.863238 0 0 0 
6.25905 -30.3123 2270.77 42.4115 -67.9609 153.734 12.2881 -13 7 1 0 1 0.0494143 -0.235671 -0.54196 0 0 0 
36.4474 -66.0796 2359.02 64.9327 -51.8988 151.254 12.6788 -13 7 1 0 1 0.269143 -0.477565 -1.93532 0 0 0 
82.4215 -84.5047 2445.42 90.9666 -5.89794 145.65 13.0699 -13 7 1 0 1 0.475315 -0.473917 -3.19838 0 0 0 
135.013 -67.7887 2527.92 79.7041 64.0374 137.137 13.4615 -13 7 1 0 1 0.416707 -0.194734 -4.14109 0 0 0 
163.869 -14.9822 2606.57 11.7209 105.945 132.797 13.8535 -13 7 1 0 1 -0.0551088 0.0184176 -4.47416 0 0 0 
147.586 42.1573 2685.83 -61.2951 77.2252 137.889 14.2461 -13 7 1 0 1 -0.549647 -0.146711 -4.03272 0 0 0 
102.149 69.0089 2769.95 -82.9052 13.3087 146.361 14.6391 -13 7 1 0 1 -0.642747 -0.427853 -2.97192 0 0 0 
57.0895 61.7275 2858.51 -65.9076 -32.6268 151.002 15.0327 -13 7 1 0 1 -0.441319 -0.474493 -1.58903 0 0 0 
23.553 35.9074 2949.01 -48.8105 -49.7888 151.943 15.4268 -13 7 1 0 1 -0.189627 -0.290001 -0.0940272 0 0 0 
-5.03599 6.24369 3040.13 -49.7489 -45.9761 151.981 15.8214 -13 7 1 0 1 0.0433891 -0.0431804 1.3661 0 0 0 
-38.8818 -15.0893 3131.64 -63.0532 -20.9941 151.689 16.2165 -13 7 1 0 1 0.236792 0.0940738 2.64605 0 0 0 
-78.7489 -14.8287 3223.01 -64.1553 23.7803 149.947 16.6122 -13 7 1 0 1 0.244187 0.049503 3.56978 0 0 0 
-109.838 12.5576 3313.59 -33.0832 61.6444 148.36 17.0084 -13 7 1 0 1 -0.0806321 0.0151159 3.90922 0 0 0 
-116.704 52.1236 3404.86 8.475 60.7485 151.272 17.4052 -13 7 1 0 1 -0.534844 0.246464 3.46208 0 0 0 
-105.487 81.0506 3499.74 21.8305 31.6585 157.819 17.8025 -13 7 1 0 1 -0.783111 0.609212 2.24377 0 0 0 
-96.1385 91.3436 3598.59 5.26772 2.84421 161.526 18.2004 -13 7 1 0 1 -0.848848 0.812548 0.539178 0 0 0 
-100.274 84.9461 3698.09 -17.3416 -24.2486 158.047 18.5989 -13 7 1 0 1 -0.902628 0.768986 -1.31443 0 0 0 
-113.184 59.326 3793.66 -17.9195 -58.7513 147.77 18.998 -13 7 1 0 1 -0.90667 0.477615 -3.02175 0 0 0 
-113.131 14.1485 3882.41 25.1326 -78.964 135.955 19.3978 -13 7 1 0 1 -0.655869 0.0813812 -4.28372 0 0 0 
-78.0505 -26.97 3965.53 82.4441 -40.1016 129.18 19.7981 -13 7 1 0 1 -0.219306 -0.0807068 -4.93026 0 0 0 
-21.6077 -26.4304 4046.59 82.1723 42.9154 127.44 20.199 -13 7 1 0 1 0.00853723 -0.00163955 -5.05829 0 0 0 
10.9313 19.9568 4127.45 13.2028 91.2733 126.777 20.6006 -13 7 1 0 1 -0.0192146 -0.0497809 -4.83995 0 0 0 
-5.22586 74.3309 4208.59 -57.8421 68.8022 127.44 21.0029 -13 7 1 0 1 0.0260284 -0.295319 -4.34365 0 0 0 
-52.571 101.469 4291.67 -80.7584 15.4121 131.545 21.4058 -13 7 1 0 1 0.238459 -0.454537 -3.61988 0 0 0 
-101.092 97.692 4378.67 -65.7294 -22.6568 137.744 21.8094 -13 7 1 0 1 0.415883 -0.400712 -2.82315 0 0 0 
-135.915 77.4446 4470.05 -41.7247 -36.2503 143.163 22.2137 -13 7 1 0 1 0.448621 -0.255554 -2.11769 0 0 0 
-156.661 53.5006 4564.83 -23.0687 -35.6005 146.612 22.6186 -13 7 1 0 1 0.387406 -0.132477 -1.56834 0 0 0 
-167.674 31.851 4661.8 -11.5221 -29.9764 148.349 23.0243 -13 7 1 0 1 0.301096 -0.0573776 -1.16422 0 0 0 
-172.928 14.1249 4760.06 -5.04655 -23.7794 148.97 23.4308 -13 7 1 0 1 0.223563 -0.0183972 -0.873187 0 0 0 
-175.006 0.157116 4859.05 -1.58641 -18.4657 148.944 23.8379 -13 7 1 0 1 0.163328 -0.000238146 -0.663341 0 0 0 
-175.401 -10.7205 4958.46 0.202067 -14.2842 148.555 24.2459 -13 7 1 0 1 0.119193 0.00722679 -0.510804 0 0 0 
-174.93 -19.1964 5058.09 1.0909 -11.096 147.964 24.6546 -13 7 1 0 1 0.0876071 0.00957777 -0.398838 0 0 0 
-174.034 -25.8423 5157.87 1.50207 -8.68652 147.259 25.064 -13 7 1 0 1 0.0650415 0.00963598 -0.315406 0 0 0 
-172.948 -31.0982 5257.72 1.66247 -6.8625 146.487 25.4743 -13 7 1 0 1 0.048869 0.00877381 -0.252491 0 0 0 
-171.796 -35.2939 5357.63 1.69363 -5.47193 145.674 25.8855 -13 7 1 0 1 0.0371809 0.00763015 -0.204463 0 0 0 
-170.639 -38.674 5457.56 1.66062 -4.40196 144.836 26.2974 -13 7 1 0 1 0.0286269 0.0064826 -0.167289 0 0 0 
-169.51 -41.4207 5557.52 1.59819 -3.57025 143.98 26.7102 -13 7 1 0 1 0.0223007 0.0054454 -0.13821 0 0 0 
-168.423 -43.6702 5657.49 1.52474 -2.91695 143.111 27.1239 -13 7 1 0 1 0.0175676 0.00455199 -0.115221 0 0 0 
-167.381 -45.5254 5757.46 1.44981 -2.39858 142.232 27.5385 -13 7 1 0 1 0.0139803 0.00379966 -0.0968357 0 0 0 
-166.384 -47.0647 5857.45 1.3781 -1.98327 141.345 27.954 -13 7 1 0 1 0.0112341 0.00317504 -0.0820054 0 0 0 
-165.43 -48.3486 5957.43 1.31173 -1.64745 140.45 28.3704 -13 7 1 0 1 0.00910995 0.00265967 -0.0699388 0 0 0 
-164.515 -49.4239 6057.42 1.25144 -1.37259 139.549 28.7878 -13 7 1 0 1 0.00750806 0.00225264 -0.0619158 0 0 0 
-163.635 -50.3261 6157.42 1.19711 -1.14525 138.643 29.2062 -13 7 1 0 1 0.00619408 0.0019019 -0.0536483 0 0 0 
-162.787 -51.0844 6257.41 1.14837 -0.956737 137.731 29.6256 -13 7 1 0 1 0.00514822 0.00161234 -0.0467548 0 0 0 
-162.431 -51.3665 6300.68 1.12884 -0.885055 137.332 29.8075 -13 7 1 0 1 0.00476244 0.00150277 -0.0441266 0 0 0 

# End of Event 7

# Event 8 Track 1
18.1033 -4.67262 -700 35.6584 31.8978 194.092 0 -13 8 1 0 1 0.000157684 -8.03328e-05 1.97743 0 0 0 
38.0295 8.42857 -602.907 43.269 20.0308 193.409 0.377291 -13 8 1 0 1 0.000602853 8.90375e-05 1.97519 0 0 0 
60.915 15.1407 -505.814 47.0671 6.50059 192.725 0.754874 -13 8 1 0 1 0.00174805 0.000385361 1.97116 0 0 0 
84.7605 14.8852 -408.72 46.7352 -7.45963 192.045 1.13275 -13 8 1 0 1 0.00417779 0.00067991 1.96428 0 0 0 
107.485 7.7235 -311.621 42.3597 -20.5543 191.378 1.51092 -13 8 1 0 1 0.00835684 0.000541822 1.95267 0 0 0 
127.137 -5.64045 -214.507 34.4472 -31.5832 190.734 1.8894 -13 8 1 0 1 0.0129583 -0.000638711 1.93445 0 0 0 
142.098 -23.9566 -117.363 23.8497 -39.6867 190.11 2.26818 -13 8 1 0 1 0.0105597 -0.0018495 1.90937 0 0 0 
151.191 -45.6882 -20.198 11.4287 -44.7253 189.413 2.64727 -13 8 1 0 1 -0.0188253 0.00561399 1.89146 0 0 0 
153.513 -69.4446 76.8879 -2.73091 -47.4098 188.351 3.02667 -13 8 1 0 1 -0.0938923 0.0423936 1.93508 0 0 0 
147.858 -94.1366 173.593 -19.7768 -47.8233 186.485 3.40639 -13 8 1 0 1 -0.180516 0.114844 2.11612 0 0 0 
132.455 -117.943 269.436 -40.0764 -42.7815 183.691 3.78643 -13 8 1 0 1 -0.1952 0.173727 2.43338 0 0 0 
106.482 -136.554 364.119 -58.8023 -26.6875 180.923 4.16679 -13 8 1 0 1 -0.0907509 0.116296 2.74121 0 0 0 
73.4189 -143.67 458.13 -64.9494 0.590428 180.026 4.54748 -13 8 1 0 1 0.0545762 -0.106866 2.78565 0 0 0 
42.0749 -135.872 552.656 -51.7934 27.9573 181.354 4.9285 -13 8 1 0 1 0.115931 -0.374397 2.40249 0 0 0 
21.2523 -116.389 648.396 -26.6695 43.9154 182.864 5.30985 -13 8 1 0 1 0.0953488 -0.522098 1.62292 0 0 0 
13.7196 -91.5742 744.904 -3.11624 48.9834 182.746 5.69155 -13 8 1 0 1 0.0764881 -0.510393 0.589399 0 0 0 
16.1548 -65.0555 841.27 10.1755 51.3967 181.071 6.07359 -13 8 1 0 1 0.0968177 -0.389898 -0.55647 0 0 0 
21.9737 -36.5251 936.933 9.0609 56.3597 178.887 6.45599 -13 8 1 0 1 0.124267 -0.206722 -1.68725 0 0 0 
22.8528 -5.22796 1031.86 -8.34119 59.8327 177.023 6.83873 -13 8 1 0 1 0.0988602 -0.0228458 -2.64738 0 0 0 
11.0834 25.1365 1126.3 -36.0921 50.5792 175.653 7.22183 -13 8 1 0 1 0.0211231 0.047844 -3.25666 0 0 0 
-14.6821 45.926 1220.52 -56.9756 24.7256 174.887 7.6053 -13 8 1 0 1 0.0173711 -0.0551493 -3.35566 0 0 0 
-46.651 51.3817 1315.01 -58.1666 -2.94658 175.442 7.98913 -13 8 1 0 1 0.196117 -0.216551 -2.86948 0 0 0 
-75.2557 45.8144 1410.63 -46.5705 -13.981 177.587 8.37334 -13 8 1 0 1 0.479441 -0.292206 -1.8514 0 0 0 
-97.4164 39.998 1507.95 -35.5499 -4.32221 179.858 8.75792 -13 8 1 0 1 0.719467 -0.295373 -0.480411 0 0 0 
-114.303 43.8407 1606.35 -25.6611 20.1477 179.714 9.14289 -13 8 1 0 1 0.8405 -0.321952 1.02894 0 0 0 
-123.427 62.902 1703.92 -4.58543 48.4798 175.273 9.52824 -13 8 1 0 1 0.766966 -0.390623 2.46376 0 0 0 
-115.736 93.7815 1798.49 34.6807 58.1537 168.043 9.91399 -13 8 1 0 1 0.427786 -0.348235 3.54542 0 0 0 
-85.7653 119.7 1890 69.5512 29.3297 163.881 10.3001 -13 8 1 0 1 0.00826522 -0.0177213 3.94458 0 0 0 
-45.8592 122.468 1981.31 66.9049 -18.9699 165.682 10.6867 -13 8 1 0 1 -0.164996 0.426302 3.52757 0 0 0 
-17.301 102.09 2074.66 33.0319 -49.4121 168.778 11.0736 -13 8 1 0 1 -0.111716 0.632749 2.47388 0 0 0 
-8.81393 71.6573 2169.37 -0.518121 -56.7621 168.906 11.461 -13 8 1 0 1 -0.0700989 0.550938 1.07712 0 0 0 
-14.4863 39.2994 2263.78 -16.0802 -58.7827 166.646 11.8488 -13 8 1 0 1 -0.116119 0.318892 -0.430672 0 0 0 
-22.6447 4.42061 2357.13 -8.76635 -65.2568 163.96 12.237 -13 8 1 0 1 -0.163024 0.0394976 -1.87156 0 0 0 
-19.8648 -33.6527 2449.42 21.8782 -66.3439 161.468 12.6257 -13 8 1 0 1 -0.103402 -0.171221 -3.07377 0 0 0 
3.93206 -65.9773 2540.69 60.2799 -41.8407 159.067 13.0148 -13 8 1 0 1 0.0139428 -0.141937 -3.84926 0 0 0 
43.9863 -76.5921 2631.31 73.1002 6.1484 158.24 13.4043 -13 8 1 0 1 -0.055867 0.118597 -4.00921 0 0 0 
80.4321 -61.301 2722.88 49.4016 41.8387 161.138 13.7943 -13 8 1 0 1 -0.387259 0.309534 -3.44903 0 0 0 
99.4539 -35.3504 2817.41 18.2206 42.6553 166.555 14.1848 -13 8 1 0 1 -0.718983 0.265066 -2.25135 0 0 0 
104.826 -16.2068 2915.31 3.34589 21.5309 170.743 14.5757 -13 8 1 0 1 -0.866879 0.140281 -0.666783 0 0 0 
105.573 -11.2511 3015.09 -0.272082 -4.4531 171.302 14.9671 -13 8 1 0 1 -0.850592 0.0956218 1.02516 0 0 0 
103.394 -20.6646 3114.54 -9.23594 -26.0985 168.329 15.359 -13 8 1 0 1 -0.670003 0.139604 2.54687 0 0 0 
92.1901 -38.387 3212.24 -30.1046 -29.905 164.431 15.7513 -13 8 1 0 1 -0.311821 0.137895 3.56828 0 0 0 
68.9745 -50.4105 3308.65 -45.3369 -7.12444 162.695 16.1442 -13 8 1 0 1 0.0485548 -0.0246818 3.80766 0 0 0 
43.6199 -45.0327 3405.06 -36.1644 24.2343 162.538 16.5375 -13 8 1 0 1 0.201776 -0.196581 3.23282 0 0 0 
28.6769 -24.3457 3501.62 -13.945 42.5461 161.391 16.9314 -13 8 1 0 1 0.21265 -0.172544 2.03879 0 0 0 
25.0644 3.64038 3597.52 -1.01426 50.189 158.967 17.3258 -13 8 1 0 1 0.220775 0.0327283 0.493032 0 0 0 
23.1929 35.6128 3692.23 -9.24531 55.8092 155.978 17.7207 -13 8 1 0 1 0.210061 0.314682 -1.1781 0 0 0 
8.96579 68.9025 3785.27 -41.2121 50.6654 151.668 18.1162 -13 8 1 0 1 0.0778884 0.549651 -2.78609 0 0 0 
-27.9113 89.6053 3875.36 -77.1373 10.1804 144.757 18.5122 -13 8 1 0 1 -0.160043 0.536956 -4.13318 0 0 0 
-75.0267 74.5038 3961.29 -65.2688 -60.1672 137.361 18.9087 -13 8 1 0 1 -0.223606 0.228667 -4.98537 0 0 0 
-93.8073 24.0676 4044.24 10.3923 -91.454 134.226 19.3059 -13 8 1 0 1 0.00996359 -0.00241309 -5.20183 0 0 0 
-63.824 -20.7321 4127.08 78.2419 -43.1682 135.07 19.7035 -13 8 1 0 1 0.165089 0.0495286 -4.88928 0 0 0 
-11.3202 -23.5003 4211.02 80.2551 32.2918 135.965 20.1018 -13 8 1 0 1 0.0493103 0.0899396 -4.29808 0 0 0 
26.2719 12.4804 4295.68 37.1917 75.9444 136.238 20.5007 -13 8 1 0 1 -0.109624 -0.0547463 -3.58985 0 0 0 
34.8211 63.0476 4381.14 -7.53265 80.8413 137.335 20.9002 -13 8 1 0 1 -0.137449 -0.253151 -2.85844 0 0 0 
20.5793 110.006 4468.1 -34.5774 67.2775 139.546 21.3002 -13 8 1 0 1 -0.0672976 -0.365169 -2.18536 0 0 0 
-5.42595 147.428 4557.04 -45.6958 51.6623 142.056 21.7009 -13 8 1 0 1 0.0141089 -0.375597 -1.6292 0 0 0 
-35.4697 176.268 4647.93 -47.9908 39.9831 144.145 22.1023 -13 8 1 0 1 0.0664273 -0.330512 -1.20375 0 0 0 
-65.763 199.22 4740.41 -46.6073 32.5776 145.564 22.5043 -13 8 1 0 1 0.0888644 -0.269938 -0.89197 0 0 0 
-94.8869 218.599 4834.09 -44.1187 28.2424 146.36 22.9069 -13 8 1 0 1 0.0923045 -0.213341 -0.667432 0 0 0 
-122.51 235.955 4928.62 -41.572 25.82 146.676 23.3102 -13 8 1 0 1 0.0862904 -0.166786 -0.506027 0 0 0 
-148.716 252.231 5023.74 -39.314 24.5185 146.648 23.7142 -13 8 1 0 1 0.0766804 -0.130549 -0.389358 0 0 0 
-173.709 267.974 5119.28 -37.4123 23.8534 146.381 24.1189 -13 8 1 0 1 0.0663945 -0.102837 -0.303891 0 0 0 
-197.702 283.495 5215.11 -35.8368 23.5421 145.951 24.5244 -13 8 1 0 1 0.0567558 -0.0817318 -0.240426 0 0 0 
-220.882 298.968 5311.14 -34.5327 23.4224 145.407 24.9305 -13 8 1 0 1 0.0482769 -0.0656366 -0.192712 0 0 0 
-243.596 314.469 5407.29 -34.1518 23.3239 144.633 25.3374 -13 8 1 0 1 0 0 0 0 0 0 
-266.299 329.974 5503.43 -33.9586 23.192 143.815 25.745 -13 8 1 0 1 0 0 0 0 0 0 
-289.002 345.479 5599.58 -33.7645 23.0594 142.993 26.1534 -13 8 1 0 1 0 0 0 0 0 0 
-311.705 360.984 5695.73 -33.5694 22.9262 142.166 26.5625 -13 8 1 0 1 0 0 0 0 0 0 
-334.408 376.489 5791.87 -33.3734 22.7923 141.336 26.9725 -13 8 1 0 1 0 0 0 0 0 0 
-357.111 391.994 5888.02 -33.1763 22.6577 140.501 27.3833 -13 8 1 0 1 0 0 0 0 0 0 
-379.814 407.499 5984.17 -32.9782 22.5224 139.662 27.7949 -13 8 1 0 1 0 0 0 0 0 0 
-402.517 423.004 6080.31 -32.779 22.3864 138.819 28.2074 -13 8 1 0 1 0 0 0 0 0 0 
-425.219 438.509 6176.46 -32.5787 22.2496 137.971 28.6207 -13 8 1 0 1 0 0 0 0 0 0 
-447.922 454.014 6272.61 -32.3773 22.112 137.118 29.035 -13 8 1 0 1 0 0 0 0 0 0 
-454.551 458.54 6300.68 -32.3182 22.0717 136.868 29.1562 -13 8 1 0 1 0 0 0 0 0 0 

# End of Event 8

# Event 9 Track 1
-6.43518 -2.51697 -700 -5.41751 -5.17312 196.923 0 -13 9 1 0 1 -5.28885e-05 -6.16794e-05 1.97743 0 0 0 
-9.53423 -4.69307 -600.072 -6.68019 -3.32782 196.216 0.378484 -13 9 1 0 1 -0.000149551 -0.000119142 1.9751 0 0 0 
-13.1375 -5.85531 -500.145 -7.33618 -1.19976 195.507 0.757273 -13 9 1 0 1 -0.000386684 -0.000222588 1.97065 0 0 0 
-16.9207 -5.90232 -400.217 -7.32868 1.00914 194.798 1.13637 -13 9 1 0 1 -0.000876236 -0.000360909 1.96253 0 0 0 
-20.544 -4.83931 -300.288 -6.66876 3.08592 194.087 1.51578 -13 9 1 0 1 -0.00161601 -0.000441299 1.9495 0 0 0 
-23.6879 -2.77736 -200.36 -5.43749 4.84043 193.376 1.89551 -13 9 1 0 1 -0.00202857 -0.000304257 1.93222 0 0 0 
-26.0854 0.0901863 -100.43 -3.76389 6.16054 192.663 2.27555 -13 9 1 0 1 -3.96541e-05 -7.24679e-05 1.92067 0 0 0 
-27.5315 3.54295 -0.500721 -1.7507 7.06642 191.945 2.65592 -13 9 1 0 1 0.00763848 -0.00106212 1.94408 0 0 0 
-27.8419 7.39263 99.424 0.629077 7.63891 191.211 3.03662 -13 9 1 0 1 0.0207911 -0.00560633 2.0441 0 0 0 
-26.7845 11.4451 199.335 3.4895 7.72172 190.458 3.41765 -13 9 1 0 1 0.0306892 -0.0132058 2.23818 0 0 0 
-24.1194 15.2976 299.224 6.64443 6.68469 189.691 3.79902 -13 9 1 0 1 0.0247349 -0.0157853 2.46873 0 0 0 
-19.9019 18.161 399.093 9.09769 3.86275 188.945 4.18072 -13 9 1 0 1 0.00107347 -0.00107892 2.5925 0 0 0 
-14.8904 19.1234 498.96 9.37507 -0.334287 188.246 4.56277 -13 9 1 0 1 -0.0247173 0.0316478 2.44063 0 0 0 
-10.4238 17.8511 598.85 7.0766 -4.25649 187.573 4.94518 -13 9 1 0 1 -0.0370562 0.0633719 1.91428 0 0 0 
-7.5669 14.8577 698.762 3.61228 -6.69885 186.873 5.32793 -13 9 1 0 1 -0.0380894 0.0747018 1.04275 0 0 0 
-6.42583 10.8895 798.676 0.910204 -8.00885 186.125 5.71104 -13 9 1 0 1 -0.0374265 0.0633066 -0.0562155 0 0 0 
-6.21671 6.29766 898.57 0.292137 -9.05619 185.348 6.09452 -13 9 1 0 1 -0.0364035 0.0367006 -1.23826 0 0 0 
-5.60905 1.19902 998.437 2.42068 -9.6449 184.569 6.47836 -13 9 1 0 1 -0.0275145 0.00565492 -2.33294 0 0 0 
-3.20224 -3.75492 1098.28 6.61632 -8.1282 183.805 6.86258 -13 9 1 0 1 -0.00876011 -0.0104464 -3.11544 0 0 0 
1.4377 -7.05569 1198.12 9.99543 -3.60574 183.06 7.24717 -13 9 1 0 1 -0.000795916 0.00289871 -3.35469 0 0 0 
7.0619 -7.57194 1297.95 10.0066 1.46431 182.351 7.63215 -13 9 1 0 1 -0.0263246 0.0277209 -2.93758 0 0 0 
11.9819 -5.99071 1397.82 7.81424 3.66641 181.687 8.01751 -13 9 1 0 1 -0.0733461 0.036446 -1.94892 0 0 0 
15.7456 -4.20505 1497.73 6.0466 2.2931 181.036 8.40327 -13 9 1 0 1 -0.115245 0.0310673 -0.605456 0 0 0 
18.817 -3.9384 1597.68 5.0689 -1.6617 180.33 8.78943 -13 9 1 0 1 -0.13905 0.030081 0.854851 0 0 0 
21.129 -6.2927 1697.62 2.8233 -6.83284 179.512 9.17599 -13 9 1 0 1 -0.132485 0.0407754 2.20257 0 0 0 
21.3369 -11.2279 1797.5 -2.58039 -10.1947 178.608 9.56296 -13 9 1 0 1 -0.0809473 0.0430131 3.17754 0 0 0 
18.0418 -16.626 1897.29 -8.86071 -8.03988 177.767 9.95034 -13 9 1 0 1 -0.00521808 0.00257261 3.52398 0 0 0 
12.2531 -19.3935 1997.08 -10.6825 -1.52679 177.09 10.3381 -13 9 1 0 1 0.0396258 -0.0686102 3.12365 0 0 0 
7.03362 -18.5637 2096.93 -7.20424 3.92509 176.476 10.7264 -13 9 1 0 1 0.0407972 -0.11558 2.07716 0 0 0 
4.33939 -15.5746 2196.85 -2.42807 6.17947 175.787 11.1151 -13 9 1 0 1 0.0315767 -0.116591 0.630182 0 0 0 
3.91135 -11.7808 2296.77 0.463495 7.10983 175.01 11.5042 -13 9 1 0 1 0.0308984 -0.0863863 -0.951732 0 0 0 
4.25213 -7.40642 2396.68 0.122719 8.18198 174.205 11.8937 -13 9 1 0 1 0.0305093 -0.040472 -2.41795 0 0 0 
3.37628 -2.61588 2496.56 -3.62107 8.05035 173.411 12.2837 -13 9 1 0 1 0.0173529 0.000723247 -3.48957 0 0 0 
-0.0812363 1.15519 2596.42 -8.08931 4.39937 172.627 12.6742 -13 9 1 0 1 0.00509019 0.0121273 -3.89504 0 0 0 
-5.33272 2.07135 2696.27 -9.34793 -1.16588 171.849 13.0651 -13 9 1 0 1 0.0253194 0.00317856 -3.51275 0 0 0 
-10.3851 0.287095 2796.13 -7.83909 -4.30941 171.106 13.4565 -13 9 1 0 1 0.0734102 0.0067372 -2.44619 0 0 0 
-14.624 -2.19142 2896.01 -6.95985 -3.56557 170.39 13.8484 -13 9 1 0 1 0.121253 0.0237819 -0.957128 0 0 0 
-18.8789 -3.25197 2995.91 -7.65642 0.467157 169.624 14.2408 -13 9 1 0 1 0.15644 0.0309734 0.670894 0 0 0 
-23.4358 -1.06175 3095.77 -7.22734 7.30147 168.71 14.6337 -13 9 1 0 1 0.163724 0.0116777 2.17551 0 0 0 
-26.371 5.38736 3195.51 -1.641 13.8718 167.664 15.027 -13 9 1 0 1 0.111169 -0.0164086 3.27071 0 0 0 
-24.5268 14.0405 3295.1 7.86005 13.6082 166.727 15.4209 -13 9 1 0 1 0.00777772 0.00498833 3.67612 0 0 0 
-17.8975 20.0011 3394.69 12.898 5.55811 166.09 15.8153 -13 9 1 0 1 -0.064735 0.0848782 3.26244 0 0 0 
-10.716 20.718 3494.42 9.9601 -2.52817 165.58 16.2103 -13 9 1 0 1 -0.0691618 0.148589 2.13201 0 0 0 
-6.45654 17.8866 3594.28 4.19399 -6.16259 164.942 16.6057 -13 9 1 0 1 -0.0501308 0.154755 0.547727 0 0 0 
-5.2197 13.7198 3694.18 0.436838 -7.43785 164.151 17.0017 -13 9 1 0 1 -0.0406511 0.120878 -1.20929 0 0 0 
-5.12187 8.85085 3794.06 0.625427 -8.46049 163.307 17.3983 -13 9 1 0 1 -0.0333114 0.067764 -2.88588 0 0 0 
-3.60142 3.77907 3893.92 4.80141 -7.40789 162.492 17.7955 -13 9 1 0 1 -0.0113038 0.0184898 -4.21373 0 0 0 
0.729856 0.846638 3993.78 8.57642 -1.30771 161.7 18.1932 -13 9 1 0 1 0.00986459 -0.000385084 -4.93915 0 0 0 
5.63373 2.51341 4093.63 6.10717 6.24258 160.894 18.5914 -13 9 1 0 1 -0.000753891 -0.00563195 -4.9669 0 0 0 
7.43395 7.43314 4193.49 -0.38285 8.4456 160.103 18.9903 -13 9 1 0 1 -0.0214973 -0.0286808 -4.42751 0 0 0 
5.65497 11.9777 4293.36 -4.63316 5.63441 159.351 19.3898 -13 9 1 0 1 -0.0207535 -0.0524872 -3.60955 0 0 0 
2.40137 14.3594 4393.28 -5.24458 2.09352 158.606 19.7899 -13 9 1 0 1 -0.00749225 -0.0565915 -2.77892 0 0 0 
-0.584551 14.8987 4493.23 -4.07317 -0.136631 157.84 20.1906 -13 9 1 0 1 0.00261729 -0.0466182 -2.07679 0 0 0 
-2.70269 14.4446 4593.21 -2.62205 -1.13282 157.049 20.592 -13 9 1 0 1 0.00648108 -0.0337054 -1.5373 0 0 0 
-3.97922 13.5995 4693.2 -1.4375 -1.43885 156.241 20.994 -13 9 1 0 1 0.00662077 -0.0230249 -1.14046 0 0 0 
-4.61213 12.6659 4793.19 -0.5881 -1.44131 155.422 21.3967 -13 9 1 0 1 0.00538663 -0.0154482 -0.853875 0 0 0 
-4.79109 11.7672 4893.19 -0.00507762 -1.33636 154.596 21.8 -13 9 1 0 1 0.00394987 -0.0103827 -0.647469 0 0 0 
-4.65732 10.942 4993.18 0.391577 -1.20867 153.765 22.204 -13 9 1 0 1 0.00272427 -0.00705056 -0.497592 0 0 0 
-4.30779 10.1934 5093.18 0.663104 -1.0901 152.929 22.6087 -13 9 1 0 1 0.00179439 -0.00485765 -0.387712 0 0 0 
-3.80752 9.51263 5193.17 0.851267 -0.989942 152.09 23.0142 -13 9 1 0 1 0.00112737 -0.0034002 -0.306197 0 0 0 
-3.20011 8.88777 5293.17 0.983442 -0.908707 151.247 23.4203 -13 9 1 0 1 0.000662804 -0.00241613 -0.244823 0 0 0 
-2.51512 8.30762 5393.17 1.07746 -0.843963 150.4 23.8272 -13 9 1 0 1 0.00034573 -0.00174177 -0.198045 0 0 0 
-1.77293 7.7627 5493.16 1.14502 -0.792657 149.548 24.2349 -13 9 1 0 1 0.000132728 -0.00127255 -0.161964 0 0 0 
-0.98782 7.24536 5593.16 1.19391 -0.751971 148.693 24.6433 -13 9 1 0 1 -8.0992e-06 -0.000940683 -0.133758 0 0 0 
-0.16997 6.74956 5693.15 1.22938 -0.719556 147.834 25.0525 -13 9 1 0 1 -9.92084e-05 -0.000702782 -0.111473 0 0 0 
0.67322 6.27058 5793.15 1.25503 -0.69354 146.97 25.4625 -13 9 1 0 1 -0.000156296 -0.000530064 -0.0936941 0 0 0 
1.53629 5.80475 5893.14 1.27341 -0.67247 146.101 25.8733 -13 9 1 0 1 -0.000190166 -0.000403013 -0.07935 0 0 0 
2.41516 5.34924 5993.14 1.28629 -0.655223 145.229 26.2849 -13 9 1 0 1 -0.000208315 -0.000308571 -0.0676788 0 0 0 
3.30675 4.90187 6093.13 1.29515 -0.640674 144.351 26.6974 -13 9 1 0 1 -0.000217091 -0.000239437 -0.0599734 0 0 0 
4.20884 4.46115 6193.13 1.30086 -0.628241 143.469 27.1108 -13 9 1 0 1 -0.000217884 -0.000185475 -0.0519839 0 0 0 
5.11956 4.02573 6293.12 1.304 -0.617627 142.581 27.525 -13 9 1 0 1 -0.000214071 -0.00014422 -0.0453191 0 0 0 
5.18869 3.99303 6300.68 1.30409 -0.61692 142.514 27.5564 -13 9 1 0 1 -0.000213664 -0.000141532 -0.0448645 0 0 0 

# End of Event 9

# Event 10 Track 1
8.41068 -4.47244 -700 23.3187 11.175 200.54 0 -13 10 1 0 1 7.39542e-05 -7.83878e-05 1.97744 0 0 0 
20.5835 -0.701463 -600.821 25.4669 3.95446 199.847 0.376359 -13 10 1 0 1 0.000332816 -5.5246e-05 1.9751 0 0 0 
33.328 -0.605822 -501.643 25.4369 -3.5536 199.153 0.752998 -13 10 1 0 1 0.000986389 -6.61822e-05 1.97077 0 0 0 
45.5576 -4.18819 -402.464 23.2477 -10.6812 198.459 1.12992 -13 10 1 0 1 0.00233906 -0.000267743 1.96304 0 0 0 
56.237 -11.1209 -303.283 19.1302 -16.7889 197.768 1.50713 -13 10 1 0 1 0.00444 -0.000935355 1.95027 0 0 0 
64.4859 -20.7769 -204.099 13.5063 -21.3568 197.083 1.88463 -13 10 1 0 1 0.00588532 -0.00195833 1.93234 0 0 0 
69.6556 -32.3184 -104.907 6.8793 -24.1194 196.397 2.26242 -13 10 1 0 1 0.00150066 -0.000763214 1.91679 0 0 0 
71.3116 -44.8542 -5.71552 -0.438085 -25.1688 195.673 2.64051 -13 10 1 0 1 -0.0170617 0.0106601 1.92894 0 0 0 
69.0548 -57.5841 93.4379 -8.62562 -24.7153 194.828 3.0189 -13 10 1 0 1 -0.0496279 0.041309 2.01654 0 0 0 
62.3105 -69.6641 192.466 -18.0204 -22.2433 193.767 3.39759 -13 10 1 0 1 -0.0733269 0.081904 2.21191 0 0 0 
50.5862 -79.6464 291.258 -27.6209 -15.9927 192.532 3.77659 -13 10 1 0 1 -0.0584191 0.0919072 2.46994 0 0 0 
34.5964 -85.1475 389.8 -33.6259 -4.66529 191.462 4.15591 -13 10 1 0 1 -0.00898394 0.0220614 2.64255 0 0 0 
17.462 -83.9801 488.291 -31.2567 9.10621 190.981 4.53553 -13 10 1 0 1 0.0251205 -0.120776 2.53873 0 0 0 
3.8725 -76.3725 587.045 -20.2099 19.2448 190.994 4.91548 -13 10 1 0 1 0.0131104 -0.257869 2.04559 0 0 0 
-2.899 -65.2384 686.168 -5.91656 22.6168 190.88 5.29575 -13 10 1 0 1 -0.0142276 -0.321437 1.19297 0 0 0 
-2.70189 -53.5294 785.464 5.94921 22.1304 190.214 5.67634 -13 10 1 0 1 -0.0156079 -0.310417 0.104267 0 0 0 
2.42046 -41.9155 884.649 12.6216 22.8192 189.081 6.05727 -13 10 1 0 1 0.0143972 -0.248754 -1.07651 0 0 0 
9.27603 -28.9592 983.567 12.0909 27.0613 187.826 6.43853 -13 10 1 0 1 0.0476781 -0.149001 -2.18944 0 0 0 
13.5008 -13.3533 1082.24 2.44601 31.6448 186.751 6.82013 -13 10 1 0 1 0.042643 -0.0424296 -3.02552 0 0 0 
10.7259 3.22256 1180.78 -13.2234 29.4321 185.927 7.20207 -13 10 1 0 1 0.00145462 0.00029397 -3.36027 0 0 0 
0.107759 16.2722 1279.33 -25.3847 18.8227 185.306 7.58436 -13 10 1 0 1 -0.000704415 -0.0506504 -3.06585 0 0 0 
-14.5767 23.2134 1377.98 -28.2335 8.0917 184.937 7.96701 -13 10 1 0 1 0.0819392 -0.131607 -2.18722 0 0 0 
-28.9473 26.396 1476.89 -24.8927 5.4697 184.777 8.35001 -13 10 1 0 1 0.203318 -0.186221 -0.907562 0 0 0 
-40.8142 30.7853 1576.08 -18.8169 12.2156 184.438 8.73337 -13 10 1 0 1 0.296774 -0.2246 0.545695 0 0 0 
-48.2843 40.5037 1675.29 -7.64231 24.0009 183.344 9.1171 -13 10 1 0 1 0.30794 -0.259675 1.95302 0 0 0 
-47.4918 55.8546 1774.05 11.7399 30.7426 181.371 9.5012 -13 10 1 0 1 0.196173 -0.234583 3.06846 0 0 0 
-35.364 70.8281 1872.11 31.5052 21.3256 179.613 9.88567 -13 10 1 0 1 0.0228366 -0.0562194 3.61471 0 0 0 
-16.1572 76.7676 1970.01 35.3055 -0.0810024 179.421 10.2705 -13 10 1 0 1 -0.0540088 0.227617 3.40381 0 0 0 
-0.190621 71.8721 2068.54 20.9294 -15.6031 180.242 10.6558 -13 10 1 0 1 -0.0064415 0.429306 2.48379 0 0 0 
5.97416 62.0185 2167.82 1.81761 -18.5776 180.42 11.0414 -13 10 1 0 1 0.0424321 0.475043 1.09448 0 0 0 
2.69007 52.1477 2267.25 -12.6146 -17.3955 179.358 11.4274 -13 10 1 0 1 0.0210269 0.42196 -0.486208 0 0 0 
-6.63716 41.7603 2366.26 -19.477 -21.325 177.563 11.8139 -13 10 1 0 1 -0.0457015 0.306527 -2.01145 0 0 0 
-16.7477 27.2402 2464.67 -14.3971 -31.1889 175.827 12.2007 -13 10 1 0 1 -0.0788682 0.144542 -3.22249 0 0 0 
-20.0334 7.83894 2562.66 4.34709 -36.1025 174.658 12.588 -13 10 1 0 1 -0.0237888 0.0231348 -3.85391 0 0 0 
-11.5195 -10.2424 2660.57 24.6416 -25.8332 174.029 12.9756 -13 10 1 0 1 0.0339273 0.0372614 -3.74262 0 0 0 
5.18574 -19.8406 2758.65 32.078 -8.49829 173.761 13.3637 -13 10 1 0 1 -0.0252452 0.123848 -2.91595 0 0 0 
22.6744 -21.4468 2857.08 28.7213 0.701411 173.789 13.7523 -13 10 1 0 1 -0.169909 0.171583 -1.57298 0 0 0 
37.463 -21.4927 2955.97 23.2864 -2.82275 173.816 14.1412 -13 10 1 0 1 -0.303827 0.181828 0.0214356 0 0 0 
48.9206 -26.4691 3055.16 16.0165 -15.6025 173.196 14.5307 -13 10 1 0 1 -0.36183 0.202998 1.61549 0 0 0 
54.1296 -39.5187 3154.11 0.351757 -28.7553 171.479 14.9205 -13 10 1 0 1 -0.28319 0.216263 2.94267 0 0 0 
47.8226 -56.7261 3252.34 -22.1876 -27.4781 169.47 15.3108 -13 10 1 0 1 -0.0787469 0.107673 3.69678 0 0 0 
30.638 -67.5084 3350.18 -33.6915 -7.80412 168.841 15.7016 -13 10 1 0 1 0.0796193 -0.153433 3.64414 0 0 0 
13.0514 -65.7158 3448.53 -23.8159 12.2502 169.476 16.0929 -13 10 1 0 1 0.0837532 -0.383895 2.78462 0 0 0 
4.64246 -55.8136 3547.62 -4.94414 19.666 169.602 16.4846 -13 10 1 0 1 0.0430124 -0.448443 1.34625 0 0 0 
6.35673 -43.8695 3646.86 9.44145 21.0588 168.465 16.8768 -13 10 1 0 1 0.0614428 -0.388341 -0.369643 0 0 0 
13.8211 -30.1583 3745.63 13.8047 26.5473 166.599 17.2696 -13 10 1 0 1 0.122547 -0.255275 -2.10328 0 0 0 
19.5671 -11.7411 3843.72 2.6013 35.1792 164.754 17.6628 -13 10 1 0 1 0.138721 -0.0802363 -3.61169 0 0 0 
13.8666 8.96996 3941.28 -22.7935 30.5717 163.316 18.0565 -13 10 1 0 1 0.0604711 0.0318778 -4.64885 0 0 0 
-5.82688 19.6695 4038.56 -38.9446 2.21788 162.306 18.4507 -13 10 1 0 1 0.00673229 0.00335724 -5.04268 0 0 0 
-26.6152 11.2279 4135.84 -25.7359 -27.6777 161.788 18.8455 -13 10 1 0 1 0.0764431 -0.0310645 -4.80106 0 0 0 
-33.9698 -8.74756 4233.42 1.18229 -34.2582 161.765 19.2408 -13 10 1 0 1 0.144124 0.0345796 -4.11984 0 0 0 
-27.1975 -26.5087 4331.53 18.6968 -22.8013 161.904 19.6367 -13 10 1 0 1 0.118203 0.111604 -3.28028 0 0 0 
-13.913 -35.9962 4430.15 23.2214 -8.8309 161.88 20.0331 -13 10 1 0 1 0.0518173 0.129918 -2.49617 0 0 0 
-0.17902 -38.1897 4529.16 21.0653 0.814619 161.611 20.43 -13 10 1 0 1 0.0010456 0.106825 -1.85961 0 0 0 
11.6053 -35.8793 4628.43 17.2176 6.09326 161.151 20.8275 -13 10 1 0 1 -0.0239318 0.0740553 -1.37853 0 0 0 
21.1264 -31.229 4727.87 13.7206 8.61558 160.566 21.2256 -13 10 1 0 1 -0.0317774 0.0466408 -1.02734 0 0 0 
28.7752 -25.4962 4827.41 11.0484 9.67213 159.905 21.6243 -13 10 1 0 1 -0.0313063 0.0274402 -0.773248 0 0 0 
35.039 -19.3267 4927.02 9.13185 10.0123 159.195 22.0236 -13 10 1 0 1 -0.0277014 0.0150618 -0.589521 0 0 0 
40.3211 -13.0298 5026.68 7.78605 10.0226 158.453 22.4235 -13 10 1 0 1 -0.0233927 0.00741343 -0.455603 0 0 0 
44.9165 -6.74541 5126.38 6.84324 9.89189 157.689 22.8241 -13 10 1 0 1 -0.0193438 0.00281307 -0.356741 0 0 0 
49.0317 -0.530865 5226.1 6.17818 9.7097 156.909 23.2252 -13 10 1 0 1 -0.0158828 0.000118577 -0.283016 0 0 0 
52.809 5.5952 5325.84 5.70344 9.51685 156.117 23.627 -13 10 1 0 1 -0.0130352 -0.00140776 -0.227269 0 0 0 
56.3466 11.6316 5425.6 5.35971 9.331 155.315 24.0295 -13 10 1 0 1 -0.0107302 -0.00222351 -0.184542 0 0 0 
59.7128 17.5847 5525.36 5.1069 9.15882 154.505 24.4326 -13 10 1 0 1 -0.00887917 -0.0026111 -0.151435 0 0 0 
62.9553 23.4631 5625.14 4.91782 9.00189 153.688 24.8364 -13 10 1 0 1 -0.00739253 -0.00274349 -0.125463 0 0 0 
66.1077 29.2761 5724.92 4.77388 8.85958 152.865 25.2409 -13 10 1 0 1 -0.00619446 -0.00272653 -0.104855 0 0 0 
69.1944 35.0321 5824.7 4.66224 8.7304 152.036 25.6461 -13 10 1 0 1 -0.00522551 -0.00262586 -0.0883564 0 0 0 
72.2327 40.7388 5924.5 4.57393 8.61263 151.202 26.0521 -13 10 1 0 1 -0.00443675 -0.00248092 -0.0750096 0 0 0 
75.2355 46.4027 6024.29 4.50241 8.50468 150.363 26.4587 -13 10 1 0 1 -0.00381832 -0.00233294 -0.0660286 0 0 0 
78.2111 52.0298 6124.09 4.44095 8.40575 149.519 26.8661 -13 10 1 0 1 -0.00328536 -0.00216346 -0.0569962 0 0 0 
81.1658 57.6252 6223.89 4.38888 8.31369 148.67 27.2743 -13 10 1 0 1 -0.00284323 -0.00199687 -0.0494989 0 0 0 
83.4274 61.9092 6300.68 4.35368 8.24681 148.014 27.589 -13 10 1 0 1 -0.00255351 -0.00187364 -0.0445803 0 0 0 

# End of Event 10

